           1   -0.962608   -0.962608           0
           2   -0.979112    -0.97086    0.008252
           3   -0.978808   -0.973509  0.00545137
           4    -0.96844   -0.972242  0.00405769
           5   -0.972384    -0.97227   0.0031432
           6   -0.984288   -0.974273  0.00325549
           7   -0.980208   -0.975121  0.00287905
           8   -0.962624   -0.973559  0.00294228
           9    -0.98044   -0.974324  0.00270514
          10   -0.973136   -0.974205  0.00242246
          11   -0.969744   -0.973799  0.00222841
          12   -0.972744   -0.973711  0.00203615
          13   -0.969544   -0.973391  0.00190022
          14    -0.97296    -0.97336  0.00175953
          15   -0.972728   -0.973318  0.00163857
          16   -0.974368   -0.973384  0.00153415
          17   -0.967736   -0.973051  0.00147888
          18    -0.97564   -0.973195   0.0014017
          19    -0.98068   -0.973589  0.00138316
          20    -0.96936   -0.973378  0.00132911
           1   -0.926992   -0.926992           0
           2   -0.946856   -0.936924    0.009932
           3   -0.941496   -0.938448  0.00593331
           4   -0.933816    -0.93729  0.00435236
           5   -0.927248   -0.935282  0.00392422
           6   -0.927568   -0.933996   0.0034524
           7   -0.936208   -0.934312  0.00293488
           8    -0.93676   -0.934618  0.00256003
           9    -0.94272   -0.935518  0.00243059
          10   -0.937016   -0.935668  0.00217914
          11    -0.93476   -0.935585  0.00197283
          12   -0.929784   -0.935102   0.0018647
          13   -0.936232   -0.935189  0.00171748
          14   -0.931736   -0.934942  0.00160909
          15   -0.946368   -0.935704  0.00168052
          16   -0.945136   -0.936294  0.00167888
          17   -0.927992   -0.935805  0.00165091
          18   -0.930216   -0.935495  0.00158716
          19   -0.944272   -0.935957  0.00157077
          20   -0.934712   -0.935894  0.00149147
           1   -0.889672   -0.889672           0
           2   -0.899592   -0.894632     0.00496
           3   -0.887992   -0.892419  0.00361931
           4   -0.885032   -0.890572  0.00315593
           5   -0.889232   -0.890304  0.00245922
           6   -0.884008   -0.889255   0.0022656
           7   -0.886776   -0.888901  0.00194724
           8   -0.901776    -0.89051  0.00233111
           9     -0.8904   -0.890498  0.00205588
          10   -0.900344   -0.891482  0.00208586
          11   -0.897024   -0.891986  0.00195283
          12     -0.8904   -0.891854  0.00178758
          13   -0.893304   -0.891966  0.00164811
          14   -0.884408   -0.891426  0.00161853
          15   -0.889688    -0.89131  0.00151122
          16   -0.895792    -0.89159   0.0014411
          17   -0.885528   -0.891233  0.00139986
          18   -0.891328   -0.891239  0.00131981
          19   -0.888192   -0.891078  0.00125867
          20   -0.892048   -0.891127  0.00119506
           1   -0.853272   -0.853272           0
           2   -0.856136   -0.854704    0.001432
           3   -0.846736   -0.852048   0.0027817
           4   -0.846464   -0.850652    0.002412
           5   -0.847368   -0.849995  0.00198041
           6   -0.841576   -0.848592  0.00214095
           7   -0.845496    -0.84815   0.0018627
           8   -0.851128   -0.848522  0.00165555
           9    -0.84508    -0.84814  0.00150931
          10   -0.851264   -0.848452  0.00138566
          11   -0.845264   -0.848162  0.00128645
          12   -0.849544   -0.848277  0.00117999
          13   -0.850912    -0.84848  0.00110419
          14   -0.844896   -0.848224  0.00105385
          15   -0.849072   -0.848281 0.000982708
          16   -0.846056   -0.848141 0.000929694
          17    -0.84856   -0.848166 0.000873642
          18   -0.846896   -0.848096 0.000826695
          19   -0.846616   -0.848018 0.000785843
          20   -0.845856    -0.84791  0.00075331
           1   -0.808608   -0.808608           0
           2   -0.803552    -0.80608    0.002528
           3   -0.802536   -0.804899  0.00187771
           4    -0.80404   -0.804684  0.00134499
           5    -0.80356   -0.804459   0.0010658
           6    -0.80028   -0.803763  0.00111465
           7   -0.801456   -0.803433 0.000998021
           8   -0.806736   -0.803846 0.000957854
           9   -0.805456   -0.804025 0.000863482
          10   -0.806536   -0.804276 0.000812119
          11   -0.804608   -0.804306 0.000735209
          12   -0.803136   -0.804209 0.000678198
          13   -0.809296     -0.8046 0.000736432
          14   -0.807984   -0.804842 0.000723383
          15   -0.802872    -0.80471 0.000686116
          16    -0.80152   -0.804511 0.000672065
          17   -0.808584   -0.804751  0.00067523
          18   -0.808072   -0.804935 0.000662816
          19   -0.804072    -0.80489 0.000628605
          20   -0.807384   -0.805014 0.000609248
           1   -0.763072   -0.763072           0
           2    -0.75868   -0.760876    0.002196
           3   -0.763784   -0.761845  0.00159596
           4   -0.763456   -0.762248   0.0011982
           5   -0.758256    -0.76145  0.00122428
           6   -0.760584   -0.761305  0.00100997
           7   -0.760032   -0.761123 0.000872751
           8   -0.759304   -0.760896   0.0007893
           9   -0.763056   -0.761136 0.000736309
          10     -0.7584   -0.760862 0.000713146
          11   -0.762184   -0.760983 0.000656159
          12   -0.762528   -0.761111 0.000612677
          13      -0.765    -0.76141 0.000638045
          14      -0.765   -0.761667 0.000643958
          15   -0.763272   -0.761774 0.000608968
          16   -0.760896   -0.761719 0.000572274
          17   -0.763984   -0.761852 0.000553823
          18   -0.763784    -0.76196 0.000533064
          19   -0.759616   -0.761836 0.000519096
          20   -0.760568   -0.761773 0.000496523
           1   -0.721488   -0.721488           0
           2     -0.7186   -0.720044    0.001444
           3    -0.72072   -0.720269 0.000863609
           4   -0.725056   -0.721466  0.00134347
           5   -0.716472   -0.720467  0.00144241
           6   -0.720272   -0.720435  0.00117817
           7    -0.72156   -0.720595  0.00100863
           8   -0.717696   -0.720233 0.000945706
           9   -0.719872   -0.720193 0.000834998
          10   -0.717712   -0.719945 0.000786973
          11    -0.72044    -0.71999 0.000713266
          12   -0.722064   -0.720163 0.000673671
          13   -0.719664   -0.720124 0.000620874
          14   -0.720488    -0.72015 0.000575404
          15   -0.723704   -0.720387 0.000585724
          16   -0.719496   -0.720331 0.000550719
          17   -0.717864   -0.720186 0.000537287
          18   -0.724128   -0.720405 0.000551865
          19   -0.720296     -0.7204 0.000522043
          20   -0.721272   -0.720443 0.000497171
           1   -0.682968   -0.682968           0
           2    -0.68212   -0.682544    0.000424
           3   -0.685128   -0.683405 0.000895444
           4   -0.683368   -0.683396 0.000633244
           5   -0.677432   -0.682203  0.00128972
           6   -0.684296   -0.682552  0.00110931
           7   -0.684224   -0.682791 0.000967489
           8   -0.680232   -0.682471 0.000896847
           9    -0.68084    -0.68229  0.00081144
          10    -0.68116   -0.682177 0.000734515
          11   -0.683744   -0.682319 0.000679498
          12   -0.681672   -0.682265 0.000622635
          13   -0.682824   -0.682308 0.000574351
          14    -0.68392   -0.682423 0.000544064
          15   -0.684008   -0.682529 0.000517395
          16   -0.683624   -0.682598 0.000488793
          17     -0.6808   -0.682492 0.000471159
          18   -0.682376   -0.682485 0.000444259
          19   -0.681424   -0.682429 0.000423924
          20   -0.680864   -0.682351 0.000409716
           1   -0.646648   -0.646648           0
           2   -0.644792    -0.64572    0.000928
           3   -0.649792   -0.647077  0.00145925
           4   -0.648488    -0.64743  0.00109045
           5   -0.644696   -0.646883   0.0010062
           6   -0.648568   -0.647164 0.000868221
           7   -0.644832   -0.646831 0.000805865
           8   -0.642456   -0.646284 0.000886632
           9   -0.646384   -0.646295 0.000782015
          10   -0.643032   -0.645969 0.000771827
          11   -0.649632   -0.646302 0.000773502
          12   -0.643248   -0.646047 0.000750567
          13   -0.648024   -0.646199 0.000706966
          14   -0.648824   -0.646387 0.000680843
          15   -0.646968   -0.646426 0.000635013
          16   -0.648512   -0.646556 0.000608145
          17   -0.645264    -0.64648 0.000576286
          18    -0.64204   -0.646233 0.000596699
          19   -0.643736   -0.646102 0.000579523
          20   -0.645672    -0.64608 0.000550204
           1   -0.614744   -0.614744           0
           2   -0.614448   -0.614596    0.000148
           3   -0.616344   -0.615179 0.000588899
           4    -0.61328   -0.614704 0.000631434
           5   -0.611208   -0.614005 0.000853291
           6    -0.61472   -0.614124 0.000706833
           7    -0.61272   -0.613923 0.000630155
           8   -0.611488   -0.613619 0.000624899
           9   -0.614368   -0.613702 0.000557357
          10   -0.611592   -0.613491 0.000541339
          11   -0.617416   -0.613848 0.000605865
          12   -0.613728   -0.613838 0.000553167
          13    -0.61576   -0.613986 0.000529883
          14   -0.615496   -0.614094 0.000502296
          15   -0.613016   -0.614022 0.000473099
          16   -0.614312    -0.61404 0.000442915
          17   -0.610472    -0.61383 0.000465988
          18    -0.60876   -0.613548 0.000521879
          19   -0.611352   -0.613433 0.000507003
          20   -0.612552   -0.613389 0.000482998
           1    -0.58132    -0.58132           0
           2     -0.5832    -0.58226     0.00094
           3   -0.585056   -0.583192   0.0010785
           4   -0.583256   -0.583208 0.000762781
           5   -0.582456   -0.583058 0.000609689
           6   -0.582512   -0.582967 0.000506046
           7   -0.581048   -0.582693 0.000507981
           8   -0.582616   -0.582683 0.000440028
           9   -0.582544   -0.582668 0.000388376
          10   -0.580952   -0.582496 0.000387427
          11   -0.584496   -0.582678   0.0003948
          12   -0.583072   -0.582711 0.000361895
          13    -0.58504    -0.58289 0.000378053
          14   -0.584088   -0.582975 0.000360321
          15   -0.581864   -0.582901 0.000343526
          16   -0.583424   -0.582934 0.000322996
          17   -0.578648   -0.582682 0.000394482
          18   -0.578912   -0.582472 0.000426836
          19   -0.579264   -0.582304 0.000437638
          20   -0.581928   -0.582285 0.000415604
           1   -0.553264   -0.553264           0
           2    -0.55252   -0.552892    0.000372
           3   -0.556184   -0.553989  0.00111815
           4   -0.555416   -0.554346 0.000867378
           5   -0.553784   -0.554234 0.000681206
           6   -0.554872    -0.55434 0.000566288
           7   -0.552872    -0.55413 0.000522531
           8   -0.554264   -0.554147 0.000452833
           9   -0.555736   -0.554324 0.000436648
          10   -0.551656   -0.554057 0.000472956
          11   -0.554312    -0.55408 0.000428434
          12   -0.554336   -0.554101 0.000391686
          13   -0.556496   -0.554286 0.000404656
          14    -0.55544   -0.554368 0.000383607
          15   -0.555128   -0.554419 0.000360695
          16   -0.556248   -0.554533 0.000356245
          17   -0.552632   -0.554421 0.000352823
          18   -0.551104   -0.554237 0.000380282
          19   -0.551832    -0.55411  0.00038133
          20   -0.555448   -0.554177 0.000367893
           1   -0.527536   -0.527536           0
           2   -0.526976   -0.527256     0.00028
           3    -0.53024   -0.528251  0.00100772
           4   -0.529344   -0.528524  0.00076319
           5    -0.52784   -0.528387 0.000606786
           6   -0.528072   -0.528335 0.000498216
           7   -0.527096   -0.528158  0.00045674
           8   -0.528024   -0.528141 0.000395902
           9   -0.528912   -0.528227 0.000359508
          10    -0.52496     -0.5279 0.000458375
          11    -0.52796   -0.527905 0.000414652
          12   -0.528664   -0.527969 0.000383766
          13   -0.529328   -0.528073 0.000368174
          14   -0.529888   -0.528203 0.000364678
          15   -0.529104   -0.528263 0.000344772
          16   -0.529176    -0.52832 0.000327514
          17   -0.525936    -0.52818 0.000338101
          18   -0.525448   -0.528028 0.000353048
          19   -0.526496   -0.527947 0.000343547
          20   -0.528952   -0.527998 0.000329765
           1   -0.504168   -0.504168           0
           2   -0.503912    -0.50404    0.000128
           3   -0.503832   -0.503971 0.000101333
           4   -0.506032   -0.504486 0.000520291
           5   -0.504984   -0.504586 0.000415141
           6    -0.50388   -0.504468 0.000358782
           7   -0.502944    -0.50425  0.00037329
           8   -0.504576   -0.504291 0.000325832
           9    -0.50704   -0.504596 0.000419369
          10   -0.499808   -0.504118 0.000608267
          11   -0.504192   -0.504124 0.000550239
          12   -0.503016   -0.504032 0.000510719
          13   -0.506728   -0.504239 0.000513531
          14   -0.505336   -0.504318 0.000481847
          15   -0.505864   -0.504421 0.000460267
          16   -0.505616   -0.504495 0.000436973
          17   -0.502576   -0.504383 0.000425711
          18   -0.502288   -0.504266 0.000417893
          19   -0.503688   -0.504236 0.000396457
          20   -0.503944   -0.504221 0.000376395
           1    -0.48104    -0.48104           0
           2   -0.482536   -0.481788    0.000748
           3   -0.481952   -0.481843 0.000435304
           4   -0.483536   -0.482266 0.000523408
           5   -0.482128   -0.482238 0.000406369
           6    -0.48212   -0.482219 0.000332385
           7   -0.481496   -0.482115 0.000299286
           8    -0.48332   -0.482266 0.000299751
           9   -0.484504   -0.482515 0.000362931
          10    -0.47764   -0.482027 0.000585661
          11    -0.48108   -0.481941 0.000536703
          12   -0.482008   -0.481947 0.000489972
          13   -0.485504    -0.48222 0.000527274
          14   -0.483552   -0.482315 0.000497342
          15    -0.48264   -0.482337 0.000463506
          16   -0.484008   -0.482442  0.00044597
          17   -0.481464   -0.482384 0.000422844
          18   -0.480616   -0.482286 0.000410583
          19   -0.482504   -0.482297 0.000388542
          20   -0.481624   -0.482264 0.000370137
           1   -0.460992   -0.460992           0
           2   -0.463184   -0.462088    0.001096
           3   -0.461368   -0.461848 0.000676761
           4    -0.46232   -0.461966 0.000492876
           5   -0.461992   -0.461971 0.000381815
           6   -0.461768   -0.461937 0.000313585
           7   -0.461888    -0.46193 0.000265122
           8   -0.461968   -0.461935  0.00022965
           9    -0.46372   -0.462133 0.000283471
          10   -0.459272   -0.461847 0.000382304
          11   -0.460224     -0.4617 0.000375976
          12   -0.461752   -0.461704 0.000343245
          13   -0.464808   -0.461943 0.000395856
          14   -0.463496   -0.462054 0.000382916
          15   -0.464552    -0.46222 0.000393465
          16   -0.464624   -0.462371 0.000397534
          17   -0.460096   -0.462237 0.000396663
          18   -0.460336   -0.462131 0.000388599
          19   -0.461952   -0.462122 0.000367699
          20    -0.46136   -0.462084 0.000350903
