34.9201
32.2304
29.7666
28.3439
27.1818
25.9176
24.62
23.8468
23.3705
22.7026
22.4859
22.2462
21.3878
20.6064
20.5845
20.5515
20.2439
19.666
18.7472
18.3467
18.1579
17.8779
17.861
17.5536
17.0868
17.0229
17.0157
17.0124
16.9727
16.6884
16.3482
16.3193
16.2745
16.2743
16.2667
16.2459
15.9581
15.524
15.5113
15.4402
15.2821
15.1873
15.1873
15.1873
15.1822
15.0039
14.5718
14.2398
14.1331
13.8956
13.4266
12.9931
12.8323
12.7891
12.7716
12.7716
12.7626
12.5203
12.103
12.0964
11.9193
11.6604
11.6087
11.6087
11.6087
11.6087
11.6087
11.6087
11.6053
11.5105
11.3512
11.3512
11.3512
11.3512
11.3512
11.3512
11.3512
11.3512
11.3512
11.3512
11.3512
11.3512
11.3512
11.3512
11.3512
11.3512
11.3512
11.3512
11.3512
11.3512
11.3512
11.3512
11.3512
11.3512
11.3512
11.3512
11.3512
11.3512
11.3512
11.3512
11.3512
11.3512
11.3512
11.3512
11.3512
11.3512
11.3512
11.3512
11.3512
11.3512
11.3512
11.3512
11.3512
11.3512
11.3512
11.3512
11.3512
11.3512
11.3512
11.3512
11.3512
11.3512
11.3512
11.3512
11.3512
11.3512
11.3512
11.3512
11.3512
11.3512
11.3512
11.3512
11.3512
11.3512
11.3512
11.3512
11.3512
11.3512
11.3512
11.3512
11.3512
11.3512
11.3512
11.3512
11.3512
11.3512
11.3512
11.3512
11.3512
11.3512
11.3512
11.3512
11.3512
11.3512
11.3512
11.3512
11.3503
11.3333
11.2671
11.1932
11.1932
11.1932
11.1926
11.1779
11.155
11.155
11.155
11.1545
11.1409
11.1221
11.1221
11.1221
11.1221
11.1221
11.1221
11.1221
11.1221
11.1221
11.1221
11.1221
11.1219
11.1179
11.1124
11.1124
11.1124
11.1124
11.1124
11.1124
11.1124
11.1124
11.1124
11.1124
11.1124
11.1124
11.1124
11.1124
11.1124
11.1124
11.1124
11.1124
11.1124
11.1124
11.1124
11.1124
11.1124
11.1124
11.1124
11.1124
11.1124
11.1124
11.1124
11.1124
11.1124
11.1124
11.1124
11.1124
11.1124
11.1124
11.1124
11.1124
11.1124
11.1124
11.1124
11.1124
11.1124
11.1124
11.1124
11.1124
11.1124
11.1124
11.1049
10.9098
10.5496
10.5496
10.5496
10.5496
10.5496
10.5496
10.5496
10.5496
10.5496
10.5496
10.5496
10.5496
10.5496
10.5496
10.5496
10.5496
10.5496
10.5496
10.5496
10.5496
10.5496
10.5496
10.5496
10.5496
10.5496
10.5496
10.5496
10.5496
10.5496
10.5496
10.5496
10.5496
10.5496
10.5496
10.5496
10.5496
10.5496
10.5496
10.5496
10.5496
10.5496
10.5496
10.5496
10.5496
10.5496
10.5496
10.5496
10.5496
10.5496
10.5496
10.5496
10.5496
10.5496
10.5496
10.5496
10.5496
10.5484
10.5103
10.4434
10.4163
10.4099
10.4099
10.4099
10.4099
10.4099
10.4099
10.4099
10.4099
10.4099
10.4099
10.4099
10.4099
10.4099
10.4099
10.4099
10.4099
10.4099
10.4099
10.4099
10.4099
10.4099
10.4099
10.4099
10.4099
10.4099
10.4099
10.4099
10.4099
10.4099
10.4099
10.4099
10.4099
10.4099
10.4099
10.4099
10.4099
10.4099
10.4099
10.4099
10.4099
10.4099
10.4099
10.4099
10.4099
10.4099
10.4099
10.4099
10.4099
10.4099
10.4099
10.4099
10.4099
10.4099
10.4099
10.4099
10.4099
10.4099
10.4099
10.4099
10.4099
10.4099
10.4099
10.4099
10.4099
10.4099
10.4099
10.4099
10.4099
10.4099
10.4099
10.4099
10.4099
10.4099
10.4099
10.4099
10.4099
10.4099
10.4099
10.4099
10.4099
10.4099
10.4099
10.4099
10.4099
10.4099
10.4099
10.4099
10.4099
10.4099
10.4099
10.4099
10.4099
10.4099
10.4099
10.4099
10.4099
10.4099
10.4099
10.4099
10.4099
10.4099
10.4099
10.4099
10.4099
10.4099
10.4099
10.4099
10.4099
10.4099
10.4099
10.4099
10.4099
10.4099
10.4099
10.4099
10.4099
10.4099
10.4099
10.4099
10.4099
10.4099
10.4099
10.4099
10.4099
10.4099
10.4099
10.4099
10.4099
10.4099
10.4099
10.4099
10.4099
10.4099
10.4099
10.4099
10.4099
10.4099
10.4099
10.4099
10.4099
10.4099
10.4099
10.4099
10.4099
10.4099
10.4099
10.4099
10.4099
10.4099
10.4099
10.4099
10.4099
10.4099
10.4099
10.4099
10.4099
10.4099
10.4099
10.4099
10.4099
10.4099
10.4099
10.4099
10.4099
10.4099
10.4099
10.4099
10.4099
10.4099
10.4099
10.4084
10.3848
10.3419
10.299
10.299
10.299
10.299
10.299
10.299
10.299
10.299
10.299
10.299
10.299
10.299
10.299
10.299
10.299
10.299
10.299
10.299
10.299
10.299
10.299
10.299
10.299
10.299
10.299
10.299
10.299
10.299
10.2979
10.2862
10.2669
10.2466
10.2188
10.2188
10.2188
10.2188
10.2188
10.2188
10.2188
10.2188
10.2188
10.2188
10.2188
10.2188
10.2188
10.2188
10.2188
10.2188
10.2188
10.2188
10.2188
10.2188
10.2188
10.2188
10.2188
10.2188
10.2188
10.2188
10.2188
10.2188
10.2188
10.2188
10.2188
10.2188
10.2188
10.2188
10.2188
10.2188
10.2188
10.2188
10.2188
10.2188
10.2188
10.2188
10.2188
10.2188
10.2188
10.2188
10.2188
10.2188
10.2188
10.2188
10.2188
10.2188
10.2188
10.2188
10.2188
10.2188
10.2188
10.2188
10.2188
10.2188
10.2188
10.2188
10.2188
10.2188
10.2188
10.2188
10.2188
10.2188
10.2188
10.2188
10.2188
10.2188
10.2188
10.2188
10.2188
10.2188
10.2188
10.2188
10.2188
10.2188
10.2188
10.2188
10.2188
10.2188
10.2188
10.2188
10.2188
10.2188
10.2188
10.2188
10.2188
10.2188
10.2188
10.2188
10.2188
10.2188
10.2188
10.2188
10.2188
10.2188
10.2188
10.2188
10.2188
10.2188
10.2188
10.2188
10.2188
10.2188
10.2188
10.2188
10.2188
10.2188
10.2188
10.2188
10.2188
10.2188
10.2188
10.2188
10.2188
10.2188
10.2188
10.2188
10.2188
10.2188
10.2188
10.2188
10.2188
10.2188
10.2188
10.2188
10.2188
10.2188
10.2188
10.2188
10.2188
10.2188
10.2188
10.2188
10.2188
10.2188
10.2188
10.2188
10.2188
10.2188
10.2188
10.2188
10.2188
10.2188
10.2188
10.2188
10.2188
10.2188
10.2188
10.2188
10.2188
10.2188
10.2188
10.2188
10.2188
10.2188
10.2188
10.2188
10.2188
10.2188
10.2188
10.2188
10.2188
10.2188
10.2188
10.2188
10.2188
10.2188
10.2188
10.2188
10.2188
10.2188
10.2188
10.2188
10.2188
10.2188
10.2188
10.2188
10.2188
10.2188
10.2188
10.2188
10.2188
10.2188
10.2188
10.2188
10.2188
10.2188
10.2188
10.2188
10.2188
10.2188
10.2188
10.2188
10.2188
10.2188
10.2188
10.2188
10.2188
10.2188
10.2188
10.2188
10.2188
10.2188
10.2188
10.2188
10.2188
10.2188
10.2188
10.2188
10.2188
10.2188
10.2188
10.2188
10.2188
10.2188
10.2188
10.2188
10.2188
10.2188
10.2188
10.2188
10.2188
10.2188
10.2188
10.2188
10.2188
10.2188
10.2188
10.2188
10.2188
10.2188
10.2188
10.2188
10.2188
10.2188
10.2188
10.2188
10.2188
10.2188
10.2188
10.2188
10.2188
10.2188
10.2188
10.2188
10.2188
10.2188
10.2188
10.2188
10.2188
10.2188
10.2188
10.2188
10.2188
10.2188
10.2188
10.2188
10.2188
10.2188
10.2188
10.2188
10.2188
10.2188
10.2188
10.2188
10.2188
10.2188
10.2188
10.2188
10.2188
10.2188
10.2188
10.2188
10.2188
10.2188
10.2188
10.2188
10.2188
10.2188
10.2188
10.2188
10.2188
10.2188
10.2188
10.2188
10.2188
10.2188
10.2188
10.2188
10.2188
10.2188
10.2188
10.2188
10.2188
10.2188
10.2188
10.2188
10.2188
10.2188
10.2188
10.2188
10.2188
10.2188
10.2188
10.2188
10.2188
10.2188
10.2188
10.2188
10.2188
10.2188
10.2188
10.2188
10.2188
10.2188
10.2188
10.2188
10.2188
10.2188
10.2188
10.2188
10.2188
10.2188
10.2188
10.2188
10.2188
10.2188
10.2188
10.2188
10.2188
10.2188
10.2188
10.2188
10.2188
10.2188
10.2188
10.2188
10.2188
10.2188
10.2188
10.2188
10.2188
10.2188
10.2188
10.2188
10.2188
10.2188
10.2188
10.2188
10.2188
10.2188
10.2188
10.2188
10.2188
10.2188
10.2188
10.2188
10.2188
10.2188
10.2188
10.2188
10.2188
10.2188
10.2188
10.2188
10.2188
10.2188
10.2188
10.2188
10.2188
10.2188
10.2188
10.2188
10.2188
10.2188
10.2188
10.2188
10.2188
10.2188
10.2188
10.2188
10.2188
10.2188
10.2188
10.2188
10.2188
10.2188
10.2188
10.2188
10.2188
10.2188
10.2188
10.2188
10.2188
10.2188
10.2188
10.2188
10.2188
10.2188
10.2188
10.2188
10.2188
10.2188
10.2188
10.2188
10.2188
10.2188
10.2188
10.2188
10.2188
10.2188
10.2188
10.2188
10.2188
10.2188
10.2188
10.2188
10.2188
10.2188
10.2188
10.2188
10.2188
10.2188
10.2188
10.2188
10.2188
10.2188
10.2188
10.2188
10.2188
10.2188
10.2188
10.2188
10.2188
10.2188
10.2188
10.2188
10.2188
10.2188
10.2188
10.2188
10.2188
10.2188
10.2188
10.2188
10.2188
10.2188
10.2188
10.2188
10.2188
10.2188
10.2188
10.2188
10.2188
10.2188
10.2188
10.2188
10.2188
10.2188
10.2188
10.2188
10.2188
10.2188
10.2188
10.2188
10.2188
10.2188
10.2188
10.2188
10.2188
10.2188
10.2188
10.2188
10.2188
10.2188
10.2188
10.2188
10.2188
10.2188
10.2188
10.2188
10.2188
10.2188
10.2188
10.2188
10.2188
10.2188
10.2188
10.2188
10.2188
10.2188
10.2188
10.2188
10.2188
10.2188
10.2188
10.2188
10.2188
