39.9625
35.2514
30.4292
27.8211
26.9238
26.9068
26.5361
25.8602
25.0725
24.188
23.9599
23.4543
22.5316
21.4408
19.7691
18.881
18.6394
18.28
18.2794
18.262
18.23
18.0434
17.7701
17.7697
17.7692
17.7615
17.5112
17.1746
17.159
17.156
17.156
17.1513
17.0106
16.8043
16.788
16.4033
15.5884
15.5779
15.3745
14.9344
14.7493
14.5901
14.28
13.953
13.9465
13.9346
13.8925
13.7817
13.6723
13.6651
13.445
13.1559
13.1492
13.0898
12.9494
12.7532
12.6602
12.6514
12.6334
12.6217
12.6173
12.5086
12.3576
12.3516
12.2124
12.0264
11.9673
11.874
11.8056
11.5866
11.3539
11.3539
11.3539
11.3539
11.3539
11.3539
11.3539
11.3539
11.3539
11.3539
11.3531
11.3519
11.3519
11.3519
11.3519
11.3462
11.1567
10.5878
10.1468
10.1189
10.1189
10.1189
10.1186
10.1062
9.97868
9.801
9.79002
9.79002
9.79002
9.79002
9.79002
9.79002
9.79002
9.79002
9.79002
9.79002
9.79002
9.79002
9.79002
9.79002
9.79002
9.79002
9.79002
9.79002
9.79002
9.79002
9.79002
9.79002
9.78886
9.74904
9.45878
9.10951
9.06451
8.85164
8.56804
8.56804
8.56804
8.56804
8.56804
8.56804
8.56804
8.56804
8.56804
8.56804
8.56804
8.56804
8.56804
8.56804
8.56804
8.56804
8.56804
8.56804
8.56789
8.56336
8.55673
8.5567
8.55667
8.55667
8.55667
8.55667
8.55667
8.55667
8.55667
8.55667
8.55667
8.55667
8.55667
8.55667
8.55667
8.55667
8.55667
8.55667
8.55667
8.55667
8.55649
8.55018
8.53784
8.53132
8.53132
8.53132
8.53132
8.53132
8.53132
8.53132
8.53132
8.53132
8.51794
8.08964
7.52749
7.52749
7.52749
7.52749
7.52749
7.52749
7.52749
7.52749
7.52749
7.52749
7.52749
7.52749
7.52749
7.52749
7.52749
7.52749
7.52749
7.52749
7.52749
7.52749
7.52749
7.52749
7.52749
7.52749
7.52749
7.52749
7.52749
7.52749
7.52749
7.52749
7.52749
7.52749
7.52749
7.52749
7.52749
7.52749
7.52749
7.52749
7.52749
7.52749
7.52749
7.52749
7.52749
7.52749
7.52749
7.52749
7.52749
7.52749
7.52749
7.52749
7.52749
7.52749
7.52749
7.52749
7.52749
7.52749
7.52749
7.52749
7.52749
7.52749
7.52749
7.52749
7.52749
7.52749
7.52749
7.52749
7.52749
7.52749
7.52749
7.52513
7.44963
7.35053
7.35053
7.35053
7.35053
7.35053
7.35053
7.35053
7.35053
7.35053
7.35053
7.35053
7.35053
7.35053
7.35053
7.35053
7.35053
7.35053
7.35053
7.35053
7.35037
7.34584
7.33506
7.33102
7.33102
7.33102
7.33102
7.33102
7.33102
7.33102
7.33102
7.33102
7.33102
7.33102
7.33102
7.33102
7.33102
7.33102
7.33102
7.33102
7.33102
7.33102
7.33102
7.33102
7.33102
7.33102
7.33102
7.33102
7.33102
7.33102
7.33102
7.33102
7.33102
7.33102
7.33102
7.33102
7.32996
7.29622
7.25192
7.24811
7.14932
6.97762
6.96593
6.96593
6.96593
6.96593
6.96593
6.96593
6.96593
6.96593
6.96593
6.96593
6.96593
6.96593
6.96593
6.96593
6.96593
6.96593
6.96593
6.96593
6.96593
6.96593
6.96593
6.96593
6.96593
6.96593
6.96204
6.83721
6.6743
6.6743
6.6743
6.6743
6.6743
6.6743
6.6743
6.6743
6.6743
6.6743
6.6743
6.6743
6.6743
6.6743
6.6743
6.6743
6.6743
6.6743
6.6743
6.6743
6.6743
6.6743
6.6743
6.6743
6.6743
6.6743
6.6743
6.6743
6.6743
6.6743
6.6743
6.6743
6.6743
6.6743
6.6743
6.6743
6.6743
6.6743
6.6743
6.6743
6.6743
6.6743
6.6743
6.6743
6.6743
6.6743
6.6743
6.6743
6.6743
6.6743
6.6743
6.6743
6.6743
6.6743
6.6743
6.6743
6.6743
6.6743
6.6743
6.6743
6.6743
6.6743
6.6743
6.6743
6.6743
6.6743
6.6743
6.6743
6.6743
6.6743
6.6743
6.6743
6.6743
6.6743
6.6743
6.6743
6.6743
6.6743
6.6743
6.6743
6.6743
6.6743
6.6743
6.6743
6.6743
6.6743
6.6743
6.6743
6.6743
6.6743
6.6743
6.6743
6.6743
6.6743
6.6743
6.6743
6.6743
6.6743
6.6743
6.6743
6.6743
6.6743
6.6743
6.6743
6.6743
6.6743
6.6743
6.6743
6.6743
6.6743
6.6743
6.6743
6.6743
6.6743
6.6743
6.6743
6.67385
6.65937
6.64035
6.64035
6.64035
6.64035
6.64035
6.64035
6.64035
6.64035
6.64035
6.64035
6.64035
6.64035
6.64035
6.64035
6.64035
6.64035
6.64035
6.64035
6.64035
6.64035
6.64035
6.64035
6.64035
6.64035
6.64035
6.64035
6.64035
6.64035
6.64035
6.64035
6.64035
6.64035
6.64035
6.64035
6.64035
6.64035
6.64035
6.64035
6.64035
6.64035
6.64035
6.64035
6.64035
6.64035
6.64035
6.64035
6.64035
6.64035
6.64035
6.64035
6.64035
6.64035
6.64035
6.64035
6.64035
6.64035
6.64035
6.64035
6.64035
6.64035
6.64035
6.64035
6.64035
6.64035
6.64035
6.64035
6.64035
6.64035
6.64035
6.64035
6.64035
6.64035
6.64035
6.64035
6.64035
6.64035
6.64035
6.64035
6.64035
6.64035
6.64035
6.64035
6.64035
6.64035
6.64035
6.64035
6.64035
6.64035
6.64035
6.64035
6.64035
6.64035
6.64035
6.64035
6.64035
6.64035
6.64035
6.64035
6.64035
6.64035
6.64035
6.64035
6.64035
6.64035
6.64035
6.64035
6.64035
6.64035
6.64035
6.64035
6.64035
6.64035
6.64035
6.64035
6.64035
6.64035
6.64035
6.64035
6.64035
6.64035
6.64035
6.64035
6.64035
6.64035
6.64035
6.64035
6.64035
6.64035
6.64035
6.64035
6.64035
6.64035
6.64035
6.64035
6.64035
6.64035
6.64035
6.64035
6.64035
6.64035
6.64035
6.64035
6.64035
6.64035
6.64035
6.64035
6.64035
6.64035
6.64035
6.64035
6.64035
6.64035
6.64035
6.64035
6.64035
6.64035
6.64035
6.64035
6.63506
6.47084
6.24306
6.24306
6.24306
6.24306
6.24306
6.24306
6.24306
6.24306
6.24306
6.24306
6.24306
6.24306
6.24306
6.24306
6.24306
6.24306
6.24306
6.24306
6.24306
6.24306
6.24306
6.24306
6.24306
6.24306
6.24306
6.24306
6.24306
6.24306
6.24306
6.24306
6.24306
6.24306
6.24306
6.24306
6.24306
6.24306
6.24306
6.24306
6.24306
6.24306
6.24306
6.24306
6.24306
6.24306
6.24306
6.24306
6.24306
6.24306
6.24306
6.24306
6.24306
6.24306
6.24306
6.24306
6.24306
6.24306
6.24306
6.24306
6.24306
6.24306
6.24306
6.24306
6.24306
6.24306
6.24306
6.24306
6.24306
6.24306
6.24306
6.24306
6.24306
6.24306
6.24306
6.24306
6.24306
6.24306
6.24306
6.24306
6.24306
6.24306
6.24306
6.24306
6.24306
6.24306
6.24306
6.24306
6.24306
6.24306
6.24306
6.24306
6.24306
6.24306
6.24306
6.24306
6.24306
6.24306
6.24306
6.24306
6.24306
6.24306
6.24306
6.24306
6.24306
6.24306
6.24306
6.24306
6.24306
6.24306
6.24306
6.24306
6.24306
6.24306
6.24306
6.24306
6.24306
6.24306
6.24306
6.24306
6.24306
6.24306
6.24306
6.24306
6.24306
6.24306
6.24306
6.24306
6.24306
6.24306
6.24306
6.24306
6.24306
6.24306
6.24306
6.24306
6.24306
6.24306
6.24306
6.24306
6.24306
6.24306
6.24306
6.24306
6.24306
6.24306
6.24306
6.24306
6.24306
6.24306
6.24306
6.24306
6.24306
6.24306
6.24306
6.24306
6.24306
6.24306
6.24306
6.24306
6.24306
6.24306
6.24306
6.24306
6.24306
6.24306
6.24306
6.24306
6.24306
6.24306
6.24306
6.24306
6.24306
6.24306
6.24306
6.24306
6.24306
6.24306
6.24306
6.24306
6.24306
6.24306
6.24306
6.24306
6.24306
6.24306
6.24306
6.24306
6.24306
6.24306
6.24306
6.24306
6.24306
6.24306
6.24306
6.24306
6.24306
6.24306
6.24306
6.24306
6.24306
6.24306
6.24306
6.24306
6.24306
6.24306
6.24306
6.24306
6.24306
6.24306
6.24306
6.24306
6.24306
6.24306
6.24306
6.24306
6.24306
6.24306
6.24306
6.24306
6.24306
6.24306
6.24306
6.24306
6.24306
6.24306
6.24306
6.24306
6.24306
6.24306
6.24306
6.24306
6.24306
6.24306
6.24306
6.24306
6.24306
6.24306
6.24306
6.24306
6.24306
6.24306
6.24306
6.24306
6.24306
6.24306
6.24306
6.24306
6.24306
6.24306
6.24306
6.24306
6.24306
6.24306
6.24306
6.24306
6.24306
6.24306
6.24306
6.24306
6.24306
6.24306
6.24306
6.24306
6.24306
6.24306
6.24306
6.24306
6.24306
6.24306
6.24306
6.24306
6.24306
6.24306
6.24306
6.24306
6.24306
6.24306
6.24306
6.24306
6.24306
6.24306
6.24306
6.24306
6.24306
6.24306
6.24306
6.24306
6.24306
6.24306
6.24306
6.24306
6.24306
6.24306
6.24306
6.24306
6.24306
6.24306
6.24306
6.24306
6.24306
6.24306
6.24306
6.24306
6.24306
6.24306
6.24306
6.24306
6.24306
6.24306
6.24306
6.24306
6.24306
6.24306
6.24306
6.24306
6.24306
6.24306
6.24306
6.24306
6.24306
6.24306
6.24306
6.24306
6.24306
6.24306
6.24306
6.24306
6.24306
6.24306
6.24306
6.24306
6.24306
6.24306
6.24306
6.24306
6.24306
6.24306
6.24306
6.24306
6.24306
6.24306
6.24306
6.24306
6.24306
6.24306
6.24306
6.24306
6.24306
6.24306
6.24306
6.24306
6.24306
6.24306
6.24306
6.24306
6.24306
6.24306
6.24306
6.24306
6.24306
6.24306
6.24306
6.24306
6.24306
6.24306
6.24306
6.24306
6.24306
6.24306
6.24306
6.24306
6.24306
6.24306
6.24306
6.24306
6.24306
6.24306
6.24306
6.24306
6.24306
6.24306
6.24306
6.24306
6.24306
6.24306
6.24306
6.24306
