1032.8
931.136
849.813
773.51
743.416
715.853
699.731
691.074
683.525
679.692
678.46
676.964
673.229
664.737
656.144
643.766
639.693
638.236
634.899
627.767
625.69
624.934
624.783
624.783
624.783
624.783
624.783
624.626
620.466
610.111
593.451
579.675
575.033
571.831
564.267
560.321
560.321
560.321
560.295
559.753
559.136
558.914
556.289
552.512
547.956
544.24
539.187
530.894
515.954
502.638
496.624
491.081
484.667
483.724
483.724
483.724
483.712
483.306
483.129
483.129
483.106
482.472
481.871
476.679
469.841
463.494
460.406
459.729
457.063
453.216
448.525
446.112
444.103
443.087
443.064
443.064
443.064
443.059
442.932
442.736
441
436.08
434.706
434.534
434.534
434.534
434.512
432.912
423.993
412.465
408.525
408.359
408.346
408.068
407.791
407.699
407.699
407.699
407.699
407.699
407.699
407.699
407.581
404.962
402.523
401.817
401.817
401.734
400.521
399.014
393.703
390.502
390.502
390.502
390.502
390.502
390.502
390.502
390.482
389.825
389.506
389.506
389.506
389.506
389.242
381.553
376.437
376.172
376.172
376.172
376.172
376.172
376.172
376.172
376.172
376.14
375.254
374.573
373.983
373.545
373.545
373.43
371.006
368.351
367.761
367.328
363.319
361.797
361.797
361.797
361.797
361.797
361.797
361.797
361.787
361.475
361.334
361.294
361.294
361.294
361.294
361.294
361.294
361.285
360.917
357.139
355.381
355.357
354.378
346.182
341.45
340.726
340.726
340.726
340.726
340.726
340.726
340.726
340.726
340.726
340.726
340.726
340.726
340.726
340.726
340.726
340.726
340.726
340.726
340.726
340.726
340.726
340.726
340.726
340.602
338.52
334.94
332.094
331.698
331.698
331.698
331.698
331.698
331.698
331.668
330.91
330.305
330.216
330.216
330.216
330.216
330.216
330.216
330.216
330.216
330.216
330.216
330.216
330.216
330.216
330.216
330.216
330.216
330.216
330.216
330.216
330.216
330.216
330.216
330.216
330.216
330.216
330.214
330.151
329.968
329.851
329.851
329.851
329.851
329.851
329.851
329.851
329.851
329.851
329.851
329.851
329.851
329.851
329.851
329.851
329.851
329.851
329.851
329.851
329.851
329.851
329.851
329.851
329.851
329.851
329.851
329.851
329.851
329.851
329.851
329.851
329.851
329.851
329.851
329.851
329.851
329.851
329.851
329.851
329.851
329.851
329.851
329.851
329.851
329.851
329.851
329.851
329.851
329.851
329.851
329.851
329.842
329.65
329.391
329.334
327.872
327.497
327.493
327.336
325.332
323.994
323.994
323.994
323.994
323.994
323.994
323.994
323.994
323.994
323.994
323.994
323.994
323.994
323.994
323.994
323.994
323.994
323.994
323.994
323.994
323.994
323.994
323.994
323.994
323.994
323.994
323.994
323.994
323.994
323.994
323.994
323.994
323.994
323.994
323.994
323.994
323.994
323.994
323.994
323.994
323.994
323.994
323.994
323.994
323.994
323.994
323.994
323.994
323.994
323.994
323.994
323.994
323.921
321.665
318.163
317.921
317.921
317.921
317.921
317.921
317.921
317.921
317.921
317.921
317.921
317.921
317.921
317.921
317.921
317.921
317.921
317.921
317.921
317.921
317.921
317.921
317.921
317.921
317.921
317.921
317.921
317.921
317.921
317.891
316.938
316.385
316.385
316.385
316.385
316.385
316.385
316.385
316.385
316.385
316.385
316.385
316.385
316.385
316.385
316.385
316.385
316.385
316.385
316.385
316.385
316.385
316.385
316.385
316.385
316.385
316.385
316.385
316.385
316.385
316.371
316.062
315.74
315.684
315.684
315.684
315.684
315.684
315.684
315.684
315.684
315.684
315.684
315.684
315.684
315.684
315.684
315.684
315.684
315.684
315.684
315.684
315.684
315.684
315.684
315.684
315.684
315.684
315.684
315.684
315.684
315.684
315.684
315.684
315.684
315.684
315.684
315.684
315.684
315.684
315.684
315.684
315.684
315.684
315.684
315.684
315.684
315.684
315.684
315.684
315.684
315.684
315.684
315.684
315.684
315.684
315.684
315.684
315.684
315.684
315.684
315.684
315.684
315.684
315.684
315.684
315.684
315.684
315.684
315.684
315.684
315.684
315.684
315.684
315.684
315.684
315.684
315.684
315.684
315.684
315.684
315.684
315.684
315.684
315.684
315.684
315.684
315.684
315.684
315.684
315.684
315.684
315.684
315.684
315.684
315.684
315.684
315.684
315.684
315.684
315.684
315.684
315.684
315.684
315.684
315.684
315.684
315.684
315.684
315.684
315.684
315.684
315.684
315.684
315.684
315.684
315.684
315.684
315.684
315.684
315.684
315.684
315.684
315.684
315.684
315.684
315.684
315.684
315.684
315.684
315.684
315.684
315.684
315.684
315.684
315.684
315.684
315.684
315.684
315.684
315.684
315.684
315.684
315.684
315.684
315.684
315.684
315.684
315.684
315.684
315.684
315.684
315.678
315.567
315.401
315.377
315.377
315.377
315.377
315.314
313.695
312.29
312.227
312.227
312.227
312.227
312.227
312.227
312.227
312.227
312.227
312.227
312.227
312.227
312.227
312.227
312.227
312.227
312.227
312.227
312.227
312.227
312.227
312.227
312.227
312.227
312.227
312.227
312.227
312.227
312.227
312.227
312.227
312.227
312.227
312.227
312.227
312.227
312.227
312.227
312.227
312.227
312.227
312.227
312.227
312.227
312.227
312.227
312.227
312.227
312.227
312.227
312.227
312.227
312.227
312.227
312.227
312.227
312.227
312.227
312.227
312.227
312.227
312.127
309.114
305.024
303.451
303.115
302.87
302.833
302.833
302.833
302.833
302.833
302.833
302.833
302.833
302.833
302.833
302.833
302.833
302.833
302.833
302.833
302.833
302.833
302.833
302.833
302.833
302.833
302.833
302.833
302.833
302.833
302.833
302.833
302.833
302.833
302.833
302.833
302.833
302.833
302.833
302.833
302.833
302.833
302.833
302.833
302.833
302.833
302.833
302.833
302.833
302.833
302.833
302.833
302.833
302.833
302.833
302.833
302.833
302.833
302.833
302.833
302.833
302.833
302.833
302.833
302.833
302.833
302.833
302.833
302.833
302.833
302.833
302.833
302.833
302.833
302.833
302.833
302.833
302.833
302.833
302.833
302.833
302.833
302.833
302.833
302.833
302.833
302.833
302.833
302.833
302.833
302.833
302.833
302.833
302.833
302.833
302.833
302.833
302.833
302.833
302.833
302.833
302.833
302.833
302.833
302.833
302.833
302.833
302.833
302.833
302.833
302.833
302.833
302.833
302.833
302.833
302.833
302.833
302.833
302.833
302.833
302.833
302.833
302.833
302.833
302.833
302.833
302.833
302.833
302.833
302.833
302.833
302.833
302.833
302.833
302.833
302.833
302.833
302.833
302.833
302.833
302.833
302.833
302.833
302.833
302.833
302.833
302.833
302.833
302.833
302.833
302.833
302.833
302.833
302.833
302.833
302.833
302.833
302.833
302.833
302.833
302.833
302.833
302.833
302.833
302.833
302.833
302.833
302.833
302.833
302.833
302.833
302.833
302.833
302.833
302.833
302.833
302.833
302.833
302.833
302.833
302.833
302.833
302.833
302.833
302.833
302.833
302.833
302.833
302.833
302.833
302.833
302.833
302.833
302.833
302.79
301.836
300.883
300.666
300.666
300.666
300.666
300.666
300.666
300.666
300.666
300.666
300.666
300.666
300.666
300.666
300.666
300.666
300.666
300.666
300.666
300.666
300.666
300.666
300.666
300.666
300.666
300.666
300.666
300.666
300.666
300.666
300.666
300.666
300.666
300.666
300.666
300.666
300.666
300.666
300.666
300.666
300.666
300.666
300.666
300.666
300.666
300.666
300.666
300.666
300.666
300.666
300.666
300.666
300.666
300.666
300.666
300.666
300.603
298.904
297.506
297.489
297.489
297.489
297.489
297.489
297.489
297.489
297.489
297.489
297.489
297.489
297.489
297.489
297.489
297.489
297.489
297.489
297.489
297.489
297.489
297.489
297.489
297.489
297.489
297.489
297.489
297.489
297.489
297.489
297.489
297.489
297.489
297.489
297.489
297.489
297.489
297.489
297.489
297.489
297.489
297.489
297.489
297.489
297.489
297.489
297.489
297.489
297.489
297.489
297.489
297.489
297.489
297.489
297.489
297.489
297.489
297.489
297.489
297.489
297.489
297.489
297.489
297.489
297.489
297.489
297.489
297.489
297.489
297.489
297.489
297.489
297.489
297.489
297.489
297.489
297.489
297.489
297.489
297.489
297.489
297.489
297.489
297.489
297.489
297.489
297.489
297.489
297.489
297.489
297.489
297.489
297.489
297.489
297.489
297.489
297.489
297.489
297.489
297.489
297.489
297.489
297.489
297.489
297.489
297.489
297.489
297.489
297.489
297.489
297.489
297.489
297.489
297.489
297.489
297.489
297.489
297.489
297.489
297.489
297.489
297.489
297.489
297.489
297.489
297.489
297.489
297.489
297.489
297.489
297.489
297.489
297.489
297.489
297.489
297.489
297.489
297.489
297.489
297.489
297.489
297.489
297.489
297.489
297.489
297.489
297.489
297.489
297.489
297.489
297.489
297.489
297.489
297.489
297.489
297.489
297.489
297.489
297.489
297.489
297.489
297.489
297.489
297.489
297.489
297.489
297.489
297.489
297.489
297.489
297.489
297.489
297.489
297.489
297.489
297.489
297.489
297.489
297.489
297.489
297.489
297.489
297.489
297.489
297.489
297.489
297.489
297.489
297.489
297.489
297.489
297.489
297.489
297.489
297.489
297.489
297.489
297.489
297.489
297.489
297.489
297.489
297.489
297.489
297.489
297.489
297.489
297.489
297.489
297.489
297.489
297.489
297.489
297.489
297.489
297.489
297.489
297.489
297.489
297.489
297.489
297.489
297.489
297.489
297.489
297.489
297.489
297.489
297.489
297.489
297.489
297.489
297.489
297.489
297.489
297.489
297.489
297.489
297.489
297.489
297.489
297.489
297.489
297.489
297.489
297.489
297.489
297.489
297.489
297.489
297.489
297.489
297.489
297.489
297.489
297.489
297.489
297.489
297.489
297.489
297.489
297.489
297.489
297.489
297.489
297.489
297.489
297.489
297.489
297.489
297.489
297.489
297.489
297.489
297.489
297.489
297.489
297.489
297.489
297.489
297.489
297.489
297.489
297.489
297.489
297.489
297.489
297.489
297.489
297.489
297.489
297.489
297.489
297.489
297.489
297.489
297.489
297.489
297.489
297.489
297.489
297.489
297.489
297.489
297.489
297.489
297.489
297.489
297.489
297.475
297.294
296.849
296.793
296.793
296.793
296.793
296.793
296.793
296.793
296.793
296.793
296.793
296.793
296.793
296.793
296.793
296.793
296.793
296.793
296.793
296.793
296.793
296.793
296.793
296.793
296.793
296.793
296.793
296.793
296.793
296.793
296.793
296.793
296.793
296.793
296.793
296.793
296.793
296.793
296.793
296.793
296.793
296.793
296.793
296.793
296.793
296.793
296.793
296.793
296.793
296.793
296.793
296.793
296.793
296.793
296.793
296.793
296.793
296.793
296.793
296.793
296.793
296.793
296.793
296.793
296.793
296.793
296.793
296.793
296.793
296.793
296.793
296.793
296.793
296.793
296.793
296.793
296.777
296.305
295.979
295.979
295.979
295.979
295.979
295.979
295.979
295.979
295.979
295.979
295.979
295.979
295.979
295.979
295.979
295.979
295.979
295.979
295.979
295.979
295.979
295.979
295.979
295.979
295.979
295.979
295.979
295.979
295.979
295.979
295.979
295.979
295.979
295.979
295.979
295.979
295.979
295.979
295.979
295.979
295.979
295.979
295.979
295.979
295.979
295.979
295.979
295.979
295.979
295.979
295.979
295.979
295.979
295.979
295.979
295.979
295.979
295.979
295.979
295.979
295.979
295.979
295.979
295.979
295.979
295.979
295.979
295.979
295.979
295.979
295.979
295.979
295.979
295.979
295.977
295.937
295.897
295.892
295.892
295.892
295.892
295.892
295.892
295.892
295.892
295.892
295.892
295.892
295.892
295.892
295.892
295.892
295.892
295.892
295.892
295.892
295.892
295.892
295.892
295.892
295.892
295.892
295.892
295.892
295.892
295.892
295.892
295.892
295.892
295.892
295.892
295.892
295.892
295.892
295.892
295.892
295.892
295.892
295.892
295.892
295.892
295.892
295.892
295.892
295.892
295.892
295.892
295.892
295.892
295.892
295.892
295.892
295.892
295.892
295.892
295.892
295.877
295.429
295.168
295.168
295.168
295.168
295.168
295.168
295.168
295.168
295.168
295.168
295.168
295.168
295.168
295.168
295.168
295.168
295.168
295.168
295.168
295.168
295.168
295.168
295.168
295.168
295.168
295.168
295.168
295.168
295.168
295.168
295.168
295.168
295.168
295.168
295.168
295.168
295.168
295.168
295.168
295.168
295.168
295.168
295.168
295.168
295.168
295.168
295.168
295.168
295.168
295.168
295.168
295.168
295.168
295.168
295.168
295.168
295.168
295.168
295.168
295.168
295.168
295.168
295.168
295.168
295.168
295.168
295.168
295.168
295.168
295.168
295.168
295.168
295.168
295.168
295.168
295.168
295.168
295.168
295.168
295.168
295.168
295.168
295.168
295.168
295.168
295.168
295.168
295.168
295.168
295.168
295.168
295.168
295.168
295.168
295.168
295.168
295.168
295.168
295.168
295.168
295.168
295.168
295.168
295.168
295.168
295.168
295.168
295.168
295.168
295.168
295.168
295.168
295.168
295.168
295.168
295.168
295.168
295.168
295.168
295.168
295.168
295.168
295.168
295.168
295.168
295.148
294.552
294.141
294.141
294.141
294.141
294.141
294.141
294.141
294.141
294.141
294.141
294.141
294.141
294.141
294.141
294.141
294.141
294.141
294.141
294.141
294.141
294.141
294.141
294.141
294.141
294.141
294.141
294.141
294.141
294.141
294.141
294.141
294.141
294.141
294.141
294.141
294.141
294.141
294.141
294.141
294.141
294.141
294.141
294.141
294.141
294.141
294.141
294.141
294.141
294.141
294.141
294.141
294.141
294.141
294.141
294.141
294.141
294.141
294.141
294.141
294.141
294.141
294.141
294.141
294.141
294.141
294.141
294.141
294.141
294.141
294.141
294.141
294.141
294.141
294.141
294.141
294.141
294.141
294.141
294.141
294.141
294.141
294.141
294.141
294.141
294.141
294.141
294.141
294.141
294.141
294.141
294.141
294.141
294.141
294.141
294.141
294.141
294.141
294.141
294.141
294.141
294.141
294.141
294.141
294.141
294.141
294.141
293.975
288.067
285.817
285.817
285.817
285.817
285.817
285.817
285.817
285.817
285.817
285.817
285.817
285.817
285.817
285.817
285.817
285.817
285.817
285.817
285.817
285.817
285.817
285.817
285.817
285.817
285.817
285.817
285.817
285.817
285.817
285.817
285.817
285.817
285.817
285.817
285.817
285.817
285.817
285.817
285.817
285.817
285.817
285.817
285.817
285.817
285.817
285.817
285.817
285.817
285.817
285.817
285.817
285.817
285.817
285.817
285.817
285.817
285.817
285.817
285.817
285.817
285.817
285.817
285.817
285.817
285.817
285.817
285.817
285.817
285.817
285.817
285.817
285.817
285.817
285.817
285.817
285.817
285.817
285.817
285.817
285.817
285.817
285.817
285.817
285.817
285.817
285.817
285.817
285.817
285.817
285.817
285.817
285.817
285.817
285.817
285.817
285.817
285.817
285.817
285.817
285.817
285.817
285.817
285.817
285.817
285.817
285.817
285.817
285.817
285.817
285.817
285.763
284.409
283.271
283.109
283.109
283.109
283.109
283.109
283.109
283.109
283.109
283.109
283.109
283.109
283.109
283.109
283.109
283.109
283.109
283.109
283.109
283.109
283.109
283.109
283.109
283.109
283.109
283.109
283.109
283.109
283.109
283.109
283.109
283.109
283.109
283.109
283.109
283.109
283.109
283.109
283.109
283.109
283.109
283.109
283.109
283.109
283.109
283.109
283.109
283.109
283.109
283.109
283.109
283.109
283.109
283.109
283.109
283.109
283.109
283.109
283.109
283.109
283.109
283.109
283.109
283.109
283.109
283.109
283.109
283.109
283.109
283.109
283.109
283.109
283.109
283.109
283.109
283.109
283.109
283.038
281.485
279.719
279.578
279.578
279.578
279.578
279.578
279.578
279.578
279.578
279.578
279.578
279.578
279.578
279.578
279.578
279.578
279.578
279.578
279.578
279.578
279.578
279.578
279.578
279.578
279.578
279.578
279.578
279.578
279.578
279.578
279.578
279.578
279.578
279.578
279.578
279.578
279.578
279.578
279.578
279.578
279.578
279.578
279.578
279.578
279.578
279.578
279.578
279.578
279.578
279.578
279.578
279.578
279.578
279.578
279.578
279.578
279.578
279.578
279.578
279.578
279.578
279.578
279.578
279.578
279.578
279.578
279.578
279.578
279.578
279.578
279.578
279.578
279.578
279.578
279.578
279.578
279.578
279.578
279.578
279.578
279.578
279.578
279.578
279.578
279.578
279.578
279.578
279.578
279.578
279.578
279.578
279.578
279.578
279.578
279.578
279.578
279.578
279.578
279.578
279.578
279.578
279.578
279.578
279.578
279.578
279.578
279.578
279.578
279.578
279.578
279.578
279.578
279.578
279.578
279.578
279.578
279.578
279.578
279.578
279.578
279.578
279.578
279.578
279.578
279.578
279.578
279.578
279.578
279.578
279.578
279.578
279.578
279.578
279.578
279.578
279.578
279.578
279.578
279.578
279.578
279.578
279.578
279.578
279.578
279.578
279.578
279.578
279.578
279.578
279.578
279.578
279.578
279.578
279.578
279.578
279.578
279.578
279.578
279.578
279.578
