1030.77
869.965
844.357
817.985
784.49
775.954
766.818
762.998
762.977
762.516
761.75
753.777
743.457
738.211
736.121
726.874
722.503
719.414
716.85
712.239
710.621
709.829
692.317
682.034
681.062
681.062
680.984
678.513
677.063
674.601
670.235
668.497
660.693
655.627
652.133
646.136
636.106
631.316
622.154
615.187
614.976
603.783
593.627
590.105
588.414
583.903
581.159
579.077
576.898
573.447
570.08
569.641
561.179
559.676
558.523
557.782
557.404
551.107
549.135
549.078
546.869
529.711
519.406
518.056
516.664
502.902
494.645
492.546
487.271
486.076
485.901
485.673
485.647
485.458
480.335
478.061
478.061
478.061
477.966
474.736
473.311
471.265
469.388
469.047
469.047
468.916
465.521
463.6
463.6
463.6
463.6
463.451
458.703
456.18
455.998
449.857
447.052
447.052
447.052
447.052
447.052
437.939
429.552
427.927
426.118
426.048
425.807
421.808
418.389
418.081
418.081
418.081
418.041
416.548
416.116
416.116
415.944
409.999
407.501
407.451
405.785
404.978
404.978
404.799
399.242
396.012
395.891
395.856
395.786
393.761
390.431
389.763
389.763
389.763
389.763
389.763
389.763
389.737
388.987
388.424
388.424
385.631
384.06
384.06
384.06
384.06
384.06
384.06
384.06
384.06
384.06
384.047
383.761
383.474
383.436
383.436
383.436
383.436
383.375
381.958
380.418
377.268
375.53
375.53
375.53
375.53
375.53
375.53
375.53
375.53
375.53
375.53
375.53
375.53
375.486
374.015
373.302
373.302
373.302
373.302
373.223
370.367
369.376
369.376
369.376
369.376
369.376
369.376
369.376
369.376
369.376
369.376
369.376
369.376
369.372
369.246
369.165
369.165
369.165
369.165
369.165
369.156
368.895
368.693
368.683
368.683
368.683
368.683
368.683
368.683
368.683
368.683
368.683
368.683
368.683
368.683
368.683
368.649
367.731
367.087
366.985
361.785
359.337
359.337
359.337
359.337
359.337
359.337
359.337
359.337
359.337
359.337
359.337
359.337
359.337
359.337
359.337
359.337
359.337
359.337
359.337
346.725
340.228
340.228
340.228
340.228
340.228
340.171
338.047
337.358
337.358
337.358
337.358
337.358
337.358
337.358
337.358
337.358
337.358
337.358
337.358
337.358
337.358
337.358
337.358
337.358
337.352
337.208
337.058
337.032
337.032
337.032
337.032
337.032
337.032
337.032
337.032
337.032
337.032
337.032
337.032
332.388
329.349
329.025
329.025
329.025
329.025
329.025
329.025
329.025
329.025
329.025
329.025
329.025
329.025
329.025
329.025
329.025
329.025
329.025
329.025
326.918
325.654
325.511
325.415
325.355
325.355
325.355
325.355
325.355
325.355
325.355
325.355
325.355
325.355
325.355
325.355
325.355
325.355
325.34
324.882
324.132
323.901
323.845
323.791
323.781
323.781
323.781
323.772
323.558
322.984
322.811
322.811
322.811
322.811
322.811
322.811
322.811
322.811
322.811
322.811
315.339
312.433
312.433
312.433
312.433
312.433
312.433
312.433
312.433
312.433
312.409
311.822
311.208
309.686
308.792
308.581
308.581
308.581
308.581
308.581
308.581
308.581
308.562
307.864
307.612
307.612
307.612
307.612
307.612
307.612
307.612
307.612
307.612
307.612
307.612
307.612
307.612
307.612
307.612
307.612
302.884
299.732
299.732
299.732
299.732
299.732
299.732
299.732
299.732
299.732
299.732
299.732
299.732
299.732
299.732
299.732
299.732
299.732
299.732
299.732
299.732
299.732
299.732
299.732
299.732
299.732
299.732
299.732
299.732
299.732
299.732
299.732
299.732
299.732
299.732
299.732
299.732
299.732
299.732
299.732
299.732
299.732
299.732
299.732
299.732
299.732
299.732
299.732
299.732
299.732
299.732
299.732
299.732
299.732
299.732
299.732
299.732
299.706
298.938
298.452
292.471
289.657
289.657
289.657
289.657
289.657
289.657
289.657
289.657
289.657
289.657
289.657
289.657
289.657
289.657
289.657
289.657
289.657
289.657
289.657
289.657
289.657
289.657
289.657
289.657
289.657
289.657
289.657
289.657
289.657
289.657
289.657
289.657
289.622
288.351
287.892
287.88
287.482
287.29
287.251
287.251
287.251
287.251
287.251
287.251
287.251
287.251
287.251
287.251
287.251
287.251
287.251
287.251
287.251
287.251
287.251
287.251
287.251
287.251
287.251
287.251
287.251
287.251
287.251
287.251
287.251
287.251
287.251
287.251
287.251
287.251
287.251
287.251
287.246
287.106
286.982
286.982
286.982
286.982
286.982
286.224
285.582
285.52
285.384
285.319
285.319
285.319
285.319
285.319
285.319
285.319
285.319
285.319
285.319
285.319
285.319
285.319
285.319
285.319
285.319
285.319
285.319
285.319
285.319
285.319
285.319
285.319
285.319
285.319
285.319
285.319
285.319
285.319
285.319
285.319
285.319
285.319
285.319
285.319
285.319
284.794
284.472
284.472
284.472
284.472
284.472
284.472
284.472
284.472
284.472
284.472
284.472
284.472
284.449
283.985
283.334
283.311
283.311
283.311
283.311
283.311
283.311
283.311
283.311
283.311
283.311
283.311
283.311
283.311
283.311
283.311
283.311
283.311
283.311
283.311
283.311
283.311
283.311
283.311
283.311
283.311
283.311
283.311
283.311
283.311
283.311
283.311
283.311
283.311
283.311
283.311
283.311
283.311
283.311
283.311
283.311
283.311
283.311
283.311
283.311
283.281
283.266
283.266
283.266
283.266
283.266
283.266
283.266
283.266
283.266
283.266
283.266
283.266
283.266
283.266
283.266
283.266
283.266
283.266
283.266
283.266
283.266
283.266
283.266
283.266
283.266
283.266
283.266
283.266
283.266
283.266
283.266
283.266
283.266
283.266
283.266
283.266
283.266
283.266
283.266
283.266
283.266
283.266
283.266
283.266
283.266
283.266
283.266
283.266
283.266
283.266
283.266
283.266
283.266
283.266
283.266
283.266
283.266
283.266
283.266
283.266
283.266
283.266
283.266
283.266
283.266
283.266
283.266
283.266
283.266
283.266
283.266
283.266
283.266
283.266
283.266
283.266
283.266
283.266
283.266
283.266
283.266
283.266
283.266
283.266
283.266
283.266
283.266
283.266
283.266
283.266
283.266
283.266
283.266
283.266
283.266
283.266
283.266
283.266
283.266
282.897
282.527
282.463
282.463
282.463
282.463
282.463
282.463
282.463
282.463
282.463
282.463
282.463
282.463
282.463
282.463
282.463
282.463
282.463
282.463
282.463
282.463
282.463
282.463
282.463
282.463
282.463
282.463
282.463
282.463
282.463
282.463
282.463
282.463
282.463
282.463
282.463
282.463
282.463
282.463
282.463
282.463
282.463
282.463
282.463
282.463
282.463
282.463
282.463
282.463
282.463
282.463
282.463
282.463
282.463
282.463
282.463
282.463
282.463
282.463
282.463
282.463
282.463
282.463
282.463
282.463
282.463
282.463
282.463
282.463
282.463
282.463
282.463
282.463
282.463
282.463
282.463
282.463
282.463
282.463
282.18
281.931
281.898
281.898
281.898
281.898
281.898
281.898
281.898
281.898
281.898
281.898
281.898
281.898
281.898
281.898
281.898
281.898
281.898
281.898
281.749
281.658
281.658
281.658
281.658
281.658
281.658
281.658
281.658
281.658
281.658
281.658
281.658
281.658
281.658
281.658
281.658
281.658
281.658
281.658
281.658
281.658
281.658
281.658
281.658
281.658
281.658
281.658
281.658
281.658
281.658
281.658
281.658
281.658
281.658
281.658
281.658
281.658
281.658
281.658
281.658
281.658
281.658
281.658
281.658
281.658
281.658
281.658
281.658
281.658
281.658
281.658
281.658
281.658
281.658
281.658
281.658
281.658
281.658
281.658
281.627
281.608
281.605
281.605
281.605
281.605
281.605
281.605
281.605
281.605
281.605
281.605
281.605
281.605
281.605
281.605
281.605
281.605
281.605
281.605
281.605
281.605
281.605
281.605
281.605
281.605
281.605
281.605
281.605
281.605
281.605
281.605
281.605
281.605
281.605
281.605
281.605
281.605
281.605
281.605
281.605
281.605
281.605
281.605
281.605
281.605
281.605
281.605
281.605
281.605
281.605
281.605
281.605
281.605
281.605
281.605
281.605
281.605
281.605
281.605
281.605
281.605
281.605
281.605
281.605
281.605
281.605
281.605
281.605
281.605
281.605
281.605
281.605
281.605
281.605
281.605
281.605
281.605
281.605
281.605
281.605
281.605
281.605
281.605
281.605
281.605
281.605
281.605
281.605
281.605
281.605
281.605
281.605
281.605
281.605
281.605
281.605
281.605
281.605
281.605
281.605
281.605
281.605
281.605
281.605
281.605
281.605
281.605
281.605
281.605
281.605
281.605
281.605
281.605
281.605
281.605
281.605
281.605
281.605
281.605
281.605
281.605
281.605
281.605
281.605
281.605
281.605
281.605
281.605
281.605
281.605
281.605
281.605
281.605
281.605
281.605
281.605
281.605
281.605
281.605
281.079
280.631
280.631
280.631
280.631
280.631
280.631
280.631
280.631
280.631
280.631
280.631
280.631
280.631
280.631
280.631
280.631
280.631
280.631
280.631
280.631
280.631
280.631
280.631
280.631
280.631
280.631
280.631
280.631
280.631
280.631
280.631
280.631
280.631
280.631
280.631
280.631
280.631
280.631
280.631
280.631
280.631
280.631
280.631
280.631
280.631
280.631
280.631
280.631
280.631
280.631
280.631
280.631
280.631
280.631
280.631
280.631
280.631
280.631
280.631
280.631
280.631
280.631
280.631
280.631
280.631
280.631
280.631
280.631
280.631
280.631
280.631
280.631
280.631
280.631
280.631
280.631
280.631
280.631
280.631
280.631
280.631
280.631
280.631
280.631
280.631
280.631
280.631
280.631
280.631
280.631
280.631
280.631
280.631
280.631
280.631
280.631
280.631
280.631
280.631
280.631
280.631
280.631
280.631
280.631
280.631
280.631
280.631
280.631
280.631
280.631
280.631
280.631
280.631
280.631
280.631
280.631
280.631
280.631
280.631
280.631
280.631
280.631
280.631
280.631
280.631
280.631
280.631
280.631
280.631
280.631
280.631
280.631
280.631
280.631
280.631
280.631
280.631
280.631
280.631
280.631
280.631
280.631
280.631
280.631
280.631
280.631
280.631
280.631
280.631
280.631
280.631
280.631
280.631
280.631
280.631
280.631
280.631
280.631
280.631
280.631
280.631
280.631
280.631
280.631
280.631
280.631
280.631
280.631
280.631
280.631
280.631
280.631
280.631
280.631
280.631
280.631
280.631
280.631
280.631
280.631
280.631
280.631
280.631
280.631
280.631
280.631
280.631
280.631
280.631
280.631
280.631
280.631
280.631
280.631
280.631
280.631
280.631
280.631
280.631
280.631
280.631
280.631
280.631
280.631
280.631
280.631
280.631
280.631
280.631
280.631
280.631
280.631
280.631
280.631
280.631
280.631
280.631
280.631
280.631
280.631
280.631
280.631
280.631
280.631
280.631
280.631
280.631
280.631
280.631
280.631
280.631
280.631
280.631
280.631
280.631
280.631
280.631
280.631
280.631
280.631
280.631
280.631
280.631
280.631
280.631
280.631
280.631
280.631
280.631
280.631
280.631
280.631
280.631
280.631
280.631
280.631
280.631
280.631
280.631
280.631
280.631
280.631
280.631
280.631
280.631
280.631
280.631
280.631
280.631
280.631
280.631
280.631
280.631
280.631
280.631
280.631
280.631
280.631
280.631
280.631
280.631
280.631
280.631
280.631
280.631
280.631
280.631
280.631
280.631
280.631
280.631
280.631
280.631
280.631
280.631
280.631
280.631
280.631
280.631
280.631
280.631
280.631
280.631
280.631
280.631
280.631
280.631
280.631
280.631
280.631
280.631
280.631
280.631
280.631
280.631
280.631
280.631
280.631
280.631
280.631
280.631
280.631
280.631
280.631
280.631
280.631
280.631
280.631
280.631
280.631
280.631
280.631
280.631
280.631
280.631
280.631
280.631
280.631
280.631
280.631
280.631
280.631
280.631
280.631
280.631
280.631
280.631
280.631
280.631
280.631
280.631
280.631
280.631
280.631
280.631
280.631
280.631
280.631
280.631
280.631
280.631
280.631
280.631
280.631
280.631
280.631
280.631
280.631
280.631
280.631
280.631
280.631
280.631
280.631
280.631
280.631
280.631
280.631
280.631
280.631
280.631
280.631
280.631
280.631
280.631
280.631
280.631
280.631
280.631
280.631
280.631
280.631
280.631
280.631
280.631
280.631
280.631
280.631
280.631
280.631
280.631
280.631
280.631
280.631
280.631
280.631
280.631
280.631
280.631
280.631
280.631
280.631
280.631
280.631
280.631
280.631
280.631
280.631
280.631
280.631
280.631
280.631
280.631
280.631
280.631
280.631
280.631
280.631
280.631
280.631
280.631
280.631
280.631
280.631
280.631
280.631
280.631
280.631
280.631
280.631
280.631
280.631
280.631
280.631
280.631
280.631
280.631
280.631
280.631
280.631
280.631
280.631
280.631
280.631
280.631
280.631
280.631
280.631
280.631
280.631
280.631
280.631
280.631
280.631
280.631
280.631
280.631
280.631
280.631
280.631
280.631
280.631
280.631
280.631
280.631
280.631
280.631
280.631
280.631
279.554
278.835
278.835
278.835
278.835
278.835
278.835
278.835
278.835
278.835
278.835
278.835
278.835
278.835
278.835
278.835
278.835
278.835
278.835
278.835
278.835
278.835
278.835
278.835
278.835
278.835
278.835
278.835
278.835
278.835
278.835
278.835
278.835
278.835
278.835
278.835
278.835
278.835
278.835
278.835
278.835
278.835
278.835
278.835
278.835
278.835
278.835
278.835
278.835
278.835
278.835
278.835
278.835
278.835
278.835
278.835
278.835
278.835
278.835
278.82
278.409
278.1
278.1
278.1
278.1
278.1
278.1
278.1
278.1
278.1
278.1
278.1
278.1
278.1
278.1
278.1
278.1
278.1
278.1
278.1
278.1
278.1
278.1
278.1
278.1
278.1
278.1
278.1
278.1
278.1
278.1
278.1
278.1
278.1
278.1
278.1
278.1
278.1
278.1
278.1
278.1
278.1
278.1
278.1
278.1
278.1
278.1
278.1
278.1
278.1
278.1
278.1
278.1
278.1
278.1
278.1
278.1
278.1
278.1
278.1
278.1
278.1
278.1
278.1
278.1
278.1
278.1
278.1
278.1
278.1
278.1
278.1
278.1
278.1
278.1
278.1
278.1
278.1
278.1
278.1
278.1
278.1
278.1
278.1
278.1
278.1
278.1
278.1
278.1
278.1
278.1
278.1
278.1
278.1
278.1
278.1
278.1
278.1
278.1
278.1
278.1
278.1
278.1
278.1
278.1
278.1
278.1
278.1
278.1
278.1
278.1
278.1
278.1
278.1
278.1
278.1
278.1
278.1
278.1
278.1
278.1
278.1
278.1
278.1
278.1
278.1
278.1
278.1
278.1
278.1
278.1
278.1
278.1
278.1
278.1
278.1
278.1
278.1
278.1
278.1
278.1
278.1
278.1
278.1
278.1
278.1
278.1
278.1
278.1
278.1
278.1
278.1
278.1
278.1
278.1
278.1
278.1
278.1
278.1
278.1
278.1
278.1
278.1
278.1
278.1
278.1
278.1
278.1
278.1
278.1
278.1
278.1
278.1
278.1
278.1
278.1
278.1
278.1
278.1
278.1
278.1
278.1
278.1
278.1
278.1
278.1
278.1
278.1
278.1
278.1
278.1
278.1
278.1
278.1
278.1
278.1
278.1
278.1
278.1
278.1
278.1
278.1
278.1
278.1
278.1
278.1
278.1
278.1
278.1
278.1
278.1
278.1
278.1
278.1
278.1
278.1
278.1
278.1
278.1
278.1
278.1
278.1
278.1
278.1
278.1
278.1
278.1
278.1
278.1
278.1
278.1
278.1
278.1
278.1
278.1
278.1
278.1
278.1
278.1
278.1
278.1
278.1
278.1
278.1
278.1
278.1
278.1
278.1
278.1
278.1
278.1
278.1
278.1
278.1
278.1
278.1
278.1
278.1
278.1
278.1
278.1
278.1
278.1
278.1
278.1
278.1
278.1
278.1
278.1
278.1
278.1
278.1
278.1
278.1
278.1
278.1
278.1
278.1
278.1
278.1
278.1
278.1
278.1
278.1
278.1
278.1
278.1
278.1
278.1
278.1
278.1
278.1
278.1
278.1
278.1
278.1
278.1
278.1
278.1
278.1
278.1
278.1
278.1
278.1
278.1
278.1
278.1
278.1
278.1
278.1
278.1
278.1
278.1
278.1
278.1
278.1
278.1
278.1
278.1
278.1
278.1
278.1
278.1
278.1
278.1
278.1
278.1
278.1
278.1
278.1
278.1
278.1
278.1
278.1
278.1
278.1
278.1
278.1
278.1
278.1
278.1
278.1
278.1
278.1
278.1
278.1
278.1
278.1
278.1
278.1
278.1
278.1
278.1
278.1
278.1
278.1
278.1
278.1
278.1
278.1
278.1
278.1
278.1
278.1
278.1
278.1
278.1
278.1
278.1
278.1
278.1
278.1
278.1
278.1
278.1
278.1
278.1
278.1
278.1
278.1
278.1
278.1
278.1
278.1
278.1
278.1
278.1
278.1
278.1
278.1
278.1
278.1
278.1
278.1
278.1
278.1
278.1
278.1
278.1
278.1
278.1
278.1
278.1
278.1
278.1
278.1
278.1
278.1
278.1
278.1
278.1
278.1
278.1
278.1
278.1
278.1
278.1
278.1
278.1
278.1
278.1
278.1
278.1
278.1
278.1
278.1
278.1
278.1
278.1
278.1
278.1
278.1
278.1
278.1
278.1
278.1
278.1
278.1
278.1
