1021.62
946.109
935.01
927.718
921.996
921.621
919.912
914.555
910.47
896.896
887.086
865.396
851.717
843.154
825.286
817.779
793.519
778.023
777.359
762.971
755.659
746.538
737.783
735.597
727.265
720.714
706.127
697.585
697.174
685.879
676.984
671.088
647.166
635.985
634.053
629.308
623.813
614.075
606.465
605.753
605.633
602.143
580.009
572.737
571.848
570.629
562.15
547.755
541.915
541.915
541.876
541.244
540.417
539.787
533.267
529.482
529.482
529.435
528.372
526.604
526.085
525.974
525.913
524.004
522.937
522.933
522.766
522.217
521.308
519.237
516.266
508.048
505.98
505.83
502.228
499.156
498.406
496.948
494.481
493.718
493.675
493.675
493.6
491.586
490.243
489.944
489.944
489.921
489.316
488.874
488.647
485.358
482.633
482.099
482.059
480.952
478.734
471.18
466.391
464.571
464.454
461.598
452.64
447.901
447.093
447.084
446.865
446.716
446.607
445.093
444.288
444.288
444.266
444.257
444.257
444.257
444.257
444.257
444.257
444.22
443.166
442.232
441.548
441.45
441.45
441.45
441.45
441.45
441.45
441.45
441.45
441.45
441.45
441.45
441.45
441.45
441.45
441.45
441.45
441.45
441.45
441.45
441.45
441.45
441.45
441.45
441.448
441.37
440.263
439.748
439.748
439.748
439.748
439.748
439.748
439.748
439.575
434.05
431.114
431.114
431.114
431.114
431.024
429.217
426.868
424.642
423.812
423.812
423.807
423.661
423.59
423.59
423.446
418.257
416.231
412.111
408.314
407.436
407.408
407.408
407.408
407.408
407.408
407.321
404.702
403.044
402.935
400.704
399.251
398.517
398.077
398.053
398.053
398.053
397.716
389.303
383.245
381.226
381.226
381.226
381.226
381.226
381.226
381.226
381.226
381.226
381.226
381.226
381.226
381.07
377.638
374.156
373.239
373.1
373.08
373.08
373.08
373.08
373.08
372.999
371.223
369.462
369.06
369.053
368.845
368.702
368.702
368.702
368.702
368.702
368.702
368.702
368.702
368.698
368.565
368.479
367.964
367.758
367.758
367.758
367.758
367.758
367.758
367.758
367.661
364.229
362.915
362.915
362.856
361.078
360.048
359.952
359.952
359.952
359.952
359.952
359.952
359.952
359.952
359.873
358.622
357.922
357.916
357.916
357.916
357.679
350.081
346.044
346.044
346.044
346.044
346.044
346.044
346.044
346.044
345.998
344.702
343.732
343.732
343.731
343.697
343.669
343.666
343.666
343.666
343.665
343.613
343.586
343.586
343.586
343.537
342.248
341.312
341.222
341.222
341.178
339.824
339.037
339.037
339.037
339.037
339.037
339.037
339.037
339.037
339.037
339.037
339.037
339.037
339.037
339.037
339.037
339.037
339.037
339.037
339.037
339.037
339.031
338.852
338.739
338.739
338.739
338.739
338.739
338.739
338.739
338.737
338.683
338.583
337.369
336.156
335.97
335.081
334.65
334.65
334.65
334.65
334.65
334.65
334.65
334.65
334.65
334.583
332.862
331.472
331.34
331.301
330.007
329.379
329.379
329.379
329.379
329.379
329.379
329.379
329.379
329.379
329.379
329.379
329.347
328.436
327.779
327.779
327.779
327.779
327.779
327.759
327.196
326.738
326.729
326.458
326.343
326.326
326.326
326.326
326.326
326.326
326.326
326.326
326.326
326.256
324.162
322.835
322.835
322.835
322.835
322.642
316.658
313.184
313.184
313.184
313.184
313.184
313.184
313.184
313.184
313.184
313.184
313.184
313.184
313.184
313.184
313.184
313.184
313.184
313.184
313.184
313.184
313.184
313.184
313.184
313.184
313.184
313.184
313.184
313.184
313.184
313.184
313.184
313.168
312.815
312.446
312.382
312.382
312.382
312.382
312.382
312.382
312.38
312.352
312.322
312.314
312.314
312.314
312.314
312.314
312.314
312.312
312.265
312.232
312.226
312.226
312.187
311.27
310.273
310.233
310.233
310.233
310.233
310.233
310.233
310.233
310.233
310.233
310.233
310.233
310.233
310.233
310.233
310.233
310.233
310.233
310.233
310.233
310.233
310.233
310.233
310.233
310.233
310.233
310.233
310.233
310.233
310.233
310.233
310.233
310.233
310.233
310.233
310.233
310.233
310.233
310.233
310.233
310.233
310.233
310.233
310.233
310.233
310.233
310.233
310.233
310.233
310.233
310.233
310.233
310.233
310.233
310.233
310.233
310.233
310.233
310.233
310.233
310.233
310.225
309.942
309.817
309.817
309.817
309.817
309.817
309.817
309.817
309.817
309.817
309.817
309.817
309.817
309.817
309.817
309.783
308.967
308.22
308.118
308.118
308.118
308.118
308.118
308.118
308.118
308.118
308.118
308.118
308.118
308.118
308.118
308.118
308.118
308.118
308.118
308.118
308.118
308.118
308.118
308.118
308.118
308.118
308.118
308.118
308.118
308.118
308.118
308.118
308.118
308.118
308.118
308.118
308.118
308.118
308.118
308.118
308.118
308.118
308.118
308.118
308.118
308.118
308.118
308.118
308.118
308.118
308.118
308.11
307.886
307.726
307.718
307.718
307.718
307.718
307.718
307.718
307.718
307.718
307.718
307.718
307.718
307.718
307.718
307.718
307.718
307.718
307.718
307.718
307.718
307.718
307.718
307.718
307.718
307.718
307.718
307.718
307.653
305.832
304.566
304.467
304.467
304.467
304.467
304.467
304.467
304.467
304.467
304.467
304.467
304.467
304.464
304.391
304.349
304.336
304.336
304.336
304.336
304.336
304.336
304.336
304.336
304.336
304.336
304.336
304.336
304.336
304.336
304.336
304.336
304.336
304.336
304.336
304.336
304.336
304.336
304.336
304.336
304.336
304.336
304.336
304.336
304.336
304.336
304.336
304.336
304.336
304.336
304.336
304.336
304.336
304.336
304.336
304.336
304.336
304.336
304.336
304.336
304.336
304.336
304.336
304.336
304.336
304.336
304.336
304.336
304.336
304.336
304.336
304.336
304.336
304.336
304.336
304.336
304.336
304.336
304.336
304.336
304.336
304.336
304.336
304.336
304.336
304.336
304.336
304.336
304.336
304.322
303.892
303.611
303.596
303.596
303.596
303.596
303.596
303.596
303.596
303.596
303.596
303.596
303.596
303.596
303.596
303.596
303.596
303.596
303.596
303.596
303.596
303.596
303.596
303.596
303.596
303.596
303.593
303.494
303.429
303.406
303.406
303.406
303.406
303.406
303.406
303.406
303.406
303.406
303.406
303.406
303.406
303.406
303.406
303.406
303.406
303.406
303.406
303.406
303.406
303.406
303.406
303.406
303.406
303.406
303.406
303.406
303.406
303.406
303.406
303.406
303.406
303.406
303.406
303.406
303.406
303.406
303.406
303.406
303.406
303.406
303.406
303.406
303.406
303.406
303.406
303.406
303.406
303.406
303.406
303.406
303.406
303.406
303.406
303.406
303.406
303.406
303.406
303.406
303.406
303.406
303.406
303.406
303.406
303.406
303.406
303.406
303.406
303.406
303.406
303.406
303.406
303.406
303.406
303.406
303.406
303.406
303.406
303.406
303.406
303.406
303.406
303.406
303.406
303.406
303.406
303.406
303.406
303.406
303.406
303.406
303.406
303.406
303.406
303.363
302.319
301.362
301.231
301.231
301.231
301.231
301.231
301.231
301.231
301.231
301.231
301.231
301.231
301.231
301.231
301.231
301.231
301.231
301.231
301.231
301.231
301.231
301.231
301.231
301.231
301.231
301.231
301.231
301.231
301.231
301.231
301.231
301.231
301.231
301.231
301.231
301.231
301.231
301.231
301.093
295.554
294.308
294.308
294.308
294.308
294.308
294.308
294.308
294.308
294.308
294.308
294.308
294.308
294.308
294.308
294.308
294.308
294.308
294.308
294.308
294.308
294.308
294.308
294.308
294.308
294.308
294.308
294.308
294.308
294.308
294.308
294.308
294.308
294.308
294.308
294.308
294.308
294.308
294.308
294.308
294.308
294.308
294.308
294.308
294.308
294.308
294.308
294.308
294.308
294.308
294.308
294.308
294.308
294.308
294.308
294.308
294.308
294.308
294.308
294.308
294.308
294.308
294.308
294.308
294.308
294.308
294.308
294.308
294.308
294.308
294.308
294.308
294.308
294.308
294.308
294.308
294.308
294.308
294.308
294.308
294.308
294.308
294.308
294.308
294.308
294.308
294.308
294.308
294.308
294.308
294.308
294.308
294.308
294.308
294.308
294.308
294.308
294.308
294.308
294.308
294.308
294.308
294.308
294.308
294.308
294.308
294.308
294.308
294.308
294.308
294.308
294.308
294.308
294.308
294.308
294.308
294.308
294.308
294.308
294.308
294.308
294.308
294.308
294.308
294.308
294.308
294.308
294.308
294.308
294.308
294.308
294.308
294.308
294.308
294.308
294.308
294.308
294.308
294.308
294.308
294.308
294.308
294.308
294.308
294.308
294.308
294.308
294.308
294.308
294.308
294.308
294.308
294.308
294.308
294.308
294.308
294.308
294.308
294.308
294.308
294.308
294.308
294.308
294.308
294.308
294.308
294.308
294.308
294.308
294.308
294.308
294.308
294.308
294.308
294.308
294.308
294.308
294.308
294.308
294.308
294.308
294.308
294.308
294.308
294.308
294.308
294.308
294.308
294.308
294.308
294.308
294.308
294.308
294.308
294.308
294.308
294.308
294.308
294.308
294.308
294.308
294.308
294.308
294.308
294.308
294.308
294.308
294.308
294.308
294.308
294.308
294.308
294.308
294.156
289.598
286.683
286.683
286.683
286.683
286.683
286.683
286.683
286.683
286.683
286.683
286.683
286.683
286.683
286.683
286.683
286.683
286.683
286.683
286.683
286.683
286.683
286.683
286.683
286.683
286.683
286.683
286.683
286.683
286.683
286.683
286.683
286.683
286.683
286.683
286.683
286.683
286.683
286.683
286.683
286.683
286.683
286.683
286.683
286.683
286.683
286.683
286.683
286.683
286.683
286.683
286.683
286.683
286.683
286.683
286.683
286.683
286.683
286.683
286.683
286.683
286.683
286.683
286.683
286.683
286.683
286.683
286.683
286.683
286.683
286.683
286.683
286.683
286.683
286.683
286.683
286.683
286.683
286.683
286.683
286.683
286.683
286.683
286.683
286.683
286.683
286.683
286.683
286.683
286.683
286.683
286.683
286.683
286.683
286.683
286.683
286.683
286.683
286.683
286.683
286.683
286.683
286.683
286.683
286.683
286.683
286.683
286.683
286.683
286.683
286.683
286.683
286.683
286.683
286.683
286.683
286.683
286.683
286.683
286.683
286.683
286.683
286.683
286.683
286.683
286.683
286.683
286.683
286.683
286.683
286.683
286.683
286.683
286.683
286.683
286.683
286.683
286.683
286.683
286.683
286.683
286.683
286.683
286.683
286.683
286.683
286.683
286.683
286.683
286.683
286.683
286.683
286.683
286.683
286.683
286.683
286.683
286.683
286.683
286.683
286.683
286.683
286.683
286.683
286.683
286.683
286.683
286.683
286.683
286.683
286.683
286.683
286.683
286.683
286.683
286.683
286.683
286.683
286.683
286.683
286.683
286.683
286.683
286.683
286.683
286.683
286.683
286.683
286.683
286.683
286.683
286.683
286.683
286.683
286.683
286.683
286.683
286.683
286.683
286.683
286.683
286.683
286.683
286.683
286.683
286.683
286.683
286.683
286.683
286.683
286.683
286.683
286.683
286.683
286.683
286.683
286.683
286.683
286.683
286.683
286.683
286.683
286.683
286.683
286.683
286.683
286.683
286.683
286.683
286.683
286.683
286.683
286.683
286.683
286.683
286.683
286.683
286.683
286.683
286.683
286.683
286.683
286.683
286.683
286.683
286.683
286.683
286.683
286.683
286.683
286.683
286.683
286.683
286.683
286.683
286.683
286.683
286.683
286.683
286.683
286.683
286.683
286.683
286.683
286.683
286.683
286.683
286.683
286.683
286.683
286.683
286.683
286.683
286.683
286.683
286.683
286.683
286.683
286.683
286.683
286.683
286.683
286.683
286.683
286.683
286.683
286.683
286.683
286.683
286.683
286.683
286.683
286.683
286.683
286.683
286.683
286.683
286.683
286.683
286.683
286.683
286.683
286.683
286.683
286.683
286.683
286.683
286.683
286.678
286.529
286.403
286.398
286.398
286.398
286.398
286.398
286.398
286.398
286.398
286.398
286.398
286.398
286.398
286.398
286.398
286.398
286.398
286.398
286.398
286.398
286.398
286.397
286.392
286.386
286.386
286.386
286.386
286.386
286.386
286.386
286.386
286.386
286.386
286.386
286.386
286.386
286.386
286.386
286.386
286.386
286.386
286.386
286.386
286.386
286.386
286.386
286.386
286.386
286.386
286.386
286.386
286.386
286.386
286.386
286.386
286.386
286.386
286.386
286.386
286.386
286.386
286.386
286.386
286.386
286.386
286.386
286.386
286.386
286.386
286.386
286.386
286.386
286.386
286.386
286.386
286.386
286.386
286.386
286.386
286.386
286.386
286.386
286.386
286.386
286.386
286.386
286.386
286.386
286.386
286.386
286.386
286.386
286.386
286.386
286.386
286.386
286.386
286.386
286.386
286.386
286.386
286.386
286.386
286.386
286.386
286.386
286.386
286.386
286.386
286.386
286.386
286.386
286.386
286.386
286.386
286.386
286.386
286.386
286.386
286.386
286.386
286.386
286.382
286.27
286.203
286.187
286.187
286.187
286.187
286.187
286.187
286.187
286.153
285.406
284.726
284.488
284.488
284.488
284.488
284.488
284.488
284.488
284.488
284.488
284.488
284.488
284.488
284.488
284.488
284.488
284.488
284.488
284.488
284.488
284.488
284.488
284.488
284.488
284.488
284.488
284.488
284.488
284.488
284.488
284.488
284.488
284.488
284.488
284.488
284.488
284.488
284.488
284.488
284.488
284.488
284.488
284.488
284.488
284.488
284.488
284.488
284.488
284.488
284.488
284.488
284.488
284.488
284.488
284.488
284.488
284.488
284.488
284.488
284.488
284.488
284.488
284.488
284.488
284.488
284.488
284.488
284.488
284.488
284.488
284.488
284.488
284.488
284.488
284.488
284.488
284.488
284.488
284.488
284.488
284.488
284.488
284.488
284.488
284.488
284.488
284.488
284.488
284.488
284.488
284.488
284.488
284.488
284.488
284.488
284.488
284.488
284.488
284.488
284.488
284.488
284.488
284.488
284.488
284.488
284.488
284.488
284.486
284.441
284.41
284.401
284.401
284.401
284.401
284.401
284.401
284.401
284.401
284.401
284.401
284.401
284.401
284.401
284.401
284.401
284.401
284.401
284.401
284.401
284.401
284.401
284.401
284.401
284.401
284.401
284.401
284.401
284.401
284.401
284.401
284.401
284.401
284.401
284.401
284.401
284.401
284.401
284.401
284.401
284.401
284.401
284.401
284.401
284.401
284.401
284.401
284.401
284.401
284.401
284.401
284.401
284.401
284.401
284.401
284.401
284.401
284.401
284.401
284.401
284.401
284.401
284.401
284.401
284.401
284.401
284.385
283.831
283.587
283.587
283.587
283.587
283.587
283.587
283.587
283.587
283.587
283.587
283.587
283.587
283.587
283.587
283.587
283.587
283.587
283.587
283.587
283.587
283.587
283.587
283.587
283.587
283.587
283.587
283.587
283.587
283.587
283.587
283.587
283.587
283.587
283.587
283.587
283.587
283.587
283.587
283.587
283.587
283.587
283.587
283.587
283.587
283.587
283.587
283.587
283.587
283.587
283.587
283.587
283.587
283.587
283.587
283.587
283.587
283.587
283.587
283.587
283.587
283.587
283.587
283.587
283.587
283.587
283.587
283.587
283.587
283.587
283.587
283.587
283.587
283.587
283.587
283.587
283.587
283.587
283.587
283.587
283.587
283.587
283.587
283.587
283.587
283.587
283.587
283.587
283.587
283.587
283.587
283.587
283.587
283.587
283.587
283.587
283.587
283.587
283.587
283.587
283.587
283.587
283.587
283.587
283.587
283.587
283.587
283.587
283.587
283.587
283.587
283.587
283.587
283.587
283.587
283.587
283.587
283.587
283.587
283.587
283.587
283.587
283.587
283.587
283.587
283.587
283.587
283.587
283.587
283.587
283.587
283.587
283.587
283.587
283.587
283.587
283.587
283.587
283.587
283.587
283.587
283.587
283.587
283.587
283.587
283.587
283.587
283.587
283.587
283.587
283.587
283.587
283.587
283.587
283.587
283.587
283.587
283.587
283.587
283.587
283.587
283.587
283.587
283.587
283.587
283.587
283.587
283.587
283.587
283.587
283.587
283.587
283.587
283.587
283.587
283.587
283.587
283.587
283.587
283.587
283.587
283.587
283.587
283.587
283.587
283.587
283.587
283.587
283.587
283.587
283.587
283.587
283.587
283.587
283.587
283.587
283.587
283.587
283.587
283.587
283.587
283.587
283.587
283.587
283.587
283.587
283.587
283.587
283.587
283.587
283.587
283.587
283.587
283.587
283.587
283.587
283.587
283.587
283.587
283.587
283.587
283.587
283.587
283.587
283.587
283.587
283.587
283.587
283.587
283.587
283.587
283.587
283.587
283.587
283.587
283.587
283.587
283.587
283.587
283.587
283.587
283.587
283.587
283.587
283.587
283.587
283.587
283.587
283.587
283.587
283.587
283.587
283.587
283.587
283.587
283.587
283.587
283.587
283.587
283.587
283.587
283.587
283.587
283.587
283.587
283.587
283.587
283.587
283.587
283.587
283.587
283.587
283.587
283.587
283.587
283.587
283.587
283.587
283.587
283.587
283.587
283.587
283.587
283.587
283.587
283.587
283.587
283.587
283.587
283.587
283.587
283.587
283.587
283.587
283.587
283.587
283.587
283.587
283.587
283.587
283.587
283.587
283.587
283.587
283.587
283.587
283.587
283.587
283.587
