1011.49
900.905
827.409
784.789
762.363
755.684
739.187
724.702
716.745
710.77
701.239
700.734
700.734
700.734
700.734
700.734
700.513
692.886
689.702
689.08
674.077
643.922
616.039
613.363
605.36
604.128
593.465
586.577
584.942
581.108
576.624
568.175
550.859
537.366
537.02
532.364
514.339
508.05
500.447
496.754
492.341
491.89
487.529
485.273
485.122
483.174
481.658
481.477
478.322
473.132
470.375
469.972
467.912
464.771
458.574
453.368
450.857
446.368
441.19
439.996
439.189
438.484
434.632
429.371
426.871
426.712
426.712
426.558
423.117
414.984
404.628
398.313
397.416
397.416
397.416
397.351
395.737
394.381
394.187
394.187
394.187
394.151
392.886
392.38
392.38
392.38
392.38
392.38
392.311
389.843
388.651
388.581
388.581
388.31
379.958
375.314
375.001
375.001
375
374.975
374.872
372.929
370.77
368.988
367.7
358.175
353.553
353.534
353.028
352.368
350.769
348.659
348.049
346.96
340.18
338.392
337.901
337.901
337.901
337.901
337.901
337.901
337.901
337.901
337.901
337.901
337.901
337.843
336.396
335.007
335.007
335.007
335.007
335.007
335.007
334.98
334.245
333.798
333.693
333.559
329.395
326.978
326.978
326.978
326.978
326.978
326.978
326.978
326.978
326.978
326.978
326.978
326.978
326.978
326.978
326.978
326.978
326.978
326.978
326.978
326.963
326.239
323.794
321.75
321.52
321.52
321.514
321.363
321.24
321.24
321.24
321.207
320.301
319.563
319.563
319.563
319.563
319.563
319.563
319.563
319.563
319.563
319.563
319.563
319.563
319.563
319.563
319.563
319.563
319.563
319.563
319.563
319.563
319.563
319.563
319.563
319.563
319.563
319.563
319.563
319.563
317.831
310.332
309.03
309.03
309.03
309.03
309.03
309.03
309.03
309.03
309.03
309.03
309.03
309.03
309.011
308.334
308.064
308.064
308.064
308.064
307.274
304.434
304.118
304.118
304.118
304.118
304.118
304.118
304.118
304.118
304.118
304.118
304.118
304.118
304.118
304.118
304.118
304.093
303.47
302.972
301.884
298.874
298.546
298.546
298.546
298.546
298.546
298.546
298.546
298.546
298.546
298.546
298.546
298.546
298.546
298.546
298.546
298.546
298.546
298.546
298.027
297.682
297.682
297.682
297.682
297.682
297.682
297.682
297.548
293.136
290.997
290.997
290.997
290.997
290.997
290.997
290.997
290.997
290.997
290.997
289.442
288.16
287.22
286.179
285.472
285.357
285.357
285.357
285.357
285.357
285.357
285.357
285.357
285.357
285.357
285.357
285.357
285.357
285.357
285.357
285.357
285.357
285.357
285.357
285.357
285.357
285.357
285.357
285.357
285.357
285.357
285.357
285.357
285.357
285.357
285.357
285.357
285.357
285.357
285.357
285.357
285.357
285.357
285.357
285.357
285.357
285.357
285.357
285.357
285.357
285.357
285.357
285.357
285.357
285.356
285.344
285.336
285.333
285.333
285.333
285.333
285.333
285.333
285.333
285.333
285.333
285.333
285.333
285.333
285.333
285.333
285.333
285.333
285.333
285.333
285.333
285.333
285.333
285.333
285.333
285.079
284.827
284.823
284.823
284.823
284.823
284.823
284.823
284.823
284.823
284.823
284.823
284.823
284.823
284.823
284.823
284.823
284.823
284.795
284.125
283.512
283.428
283.428
283.428
283.428
283.428
283.428
283.428
283.428
283.428
283.428
283.428
283.428
283.428
283.428
283.428
283.428
283.428
283.428
283.428
283.428
283.428
283.428
283.428
283.428
283.428
283.428
283.428
283.428
283.428
283.428
283.428
283.428
283.428
283.428
283.428
283.428
283.428
283.428
283.428
282.511
281.934
281.88
281.88
281.88
281.88
281.88
281.88
281.88
281.88
281.88
281.88
281.88
281.88
281.88
281.88
281.88
281.88
281.88
281.88
281.88
281.88
281.88
281.88
281.88
281.88
281.88
281.88
281.88
281.88
281.88
281.88
281.88
281.88
281.88
281.88
281.88
281.88
281.88
281.88
281.88
281.88
281.88
281.88
281.88
281.88
281.88
281.88
281.88
281.88
281.88
281.88
281.88
281.88
281.88
281.88
281.88
281.88
281.88
281.88
281.88
281.88
281.88
281.88
281.88
281.88
281.88
281.88
281.88
281.88
281.88
281.88
281.88
281.88
281.88
281.88
281.88
281.88
281.88
281.88
281.88
281.88
281.88
281.88
281.88
281.88
281.88
281.88
281.88
281.88
281.88
281.88
281.88
281.88
281.88
281.88
281.88
281.88
281.88
281.88
281.88
281.88
281.88
281.88
281.88
281.88
281.88
281.88
281.88
281.88
281.88
281.88
281.88
281.88
281.88
281.88
281.88
281.88
281.88
281.88
281.88
281.88
281.88
281.88
281.88
281.88
281.88
281.88
281.88
281.88
281.88
281.88
281.88
281.88
281.88
281.88
281.88
281.88
281.88
281.88
281.88
281.88
281.88
281.88
281.88
281.88
281.88
281.88
281.88
281.88
281.88
281.88
281.88
281.88
281.88
281.88
281.88
281.88
281.88
281.88
281.88
281.88
281.88
281.88
281.88
281.88
281.88
281.88
281.88
281.88
281.88
281.88
281.88
281.88
281.88
281.88
281.88
281.88
281.88
281.88
281.88
281.88
281.88
281.88
281.88
281.88
281.88
281.88
281.88
281.88
281.88
281.88
281.88
281.88
281.88
281.88
281.88
281.88
281.88
281.88
281.88
281.88
281.88
281.88
281.88
281.88
281.88
281.88
281.88
281.88
281.88
281.88
281.88
281.88
281.88
281.88
281.88
281.88
281.88
281.88
281.88
281.88
281.88
281.88
281.88
281.88
281.88
281.88
281.88
281.88
281.88
281.88
281.88
281.88
281.88
281.88
281.88
281.88
281.88
281.88
281.88
281.88
281.88
281.88
281.88
281.88
281.88
281.88
281.88
281.88
281.88
281.88
281.88
281.88
281.88
281.88
281.88
281.88
281.88
281.88
281.88
281.88
281.88
281.88
281.88
281.88
281.88
281.88
281.88
281.88
281.88
281.88
281.88
281.88
281.88
281.88
281.88
281.88
281.88
281.88
281.88
281.88
281.88
281.88
281.88
281.88
281.88
281.88
281.88
281.88
281.88
281.88
281.88
281.88
281.88
281.88
281.88
281.88
281.88
281.88
281.88
281.88
281.88
281.88
281.88
281.88
281.88
281.88
281.88
281.88
281.88
281.88
281.88
281.88
281.88
281.88
281.88
281.88
281.88
281.88
281.88
281.88
281.88
281.88
281.88
281.88
281.88
281.88
281.88
281.88
281.88
281.88
281.88
281.88
281.88
281.88
281.88
281.88
281.88
281.88
281.88
281.88
281.88
281.88
281.88
281.88
281.88
281.88
281.88
281.88
281.88
281.88
281.88
281.88
281.88
281.88
281.88
281.88
281.88
281.88
281.88
281.88
281.88
281.88
281.88
281.88
281.88
281.88
281.88
281.88
281.88
281.88
281.88
281.88
281.88
281.88
281.88
281.88
281.88
281.88
281.88
281.88
281.88
281.88
281.88
281.88
281.88
281.88
281.88
281.88
281.88
281.88
281.88
281.88
281.88
281.88
281.88
281.88
281.88
281.88
281.88
281.88
281.88
281.88
281.88
281.88
281.88
281.88
281.88
281.88
281.88
281.88
281.88
281.88
281.88
281.88
281.88
281.88
281.88
281.88
281.88
281.88
281.88
281.88
281.88
281.88
281.88
281.88
281.88
281.88
281.88
281.88
281.88
281.88
281.88
281.88
281.88
281.88
281.88
281.88
281.88
281.88
281.88
281.88
281.88
281.88
281.88
281.88
281.88
281.88
281.88
281.88
281.88
281.88
281.88
281.88
281.88
281.88
281.88
281.88
281.88
281.88
281.88
281.88
281.88
281.88
281.88
281.88
281.88
281.88
281.88
281.88
281.88
281.88
281.88
281.88
281.88
281.88
281.88
281.88
281.88
281.88
281.88
281.88
281.88
281.88
281.88
281.88
281.88
281.88
281.88
281.88
281.88
281.88
281.88
281.88
281.88
281.88
281.88
281.88
281.88
281.88
281.88
281.88
281.88
281.88
281.88
281.88
281.88
281.88
281.88
281.88
281.88
281.88
281.88
281.88
281.88
281.88
281.88
281.88
281.88
281.88
281.88
281.88
281.88
281.88
281.88
281.88
281.88
281.88
281.88
281.88
281.88
281.88
281.88
281.88
281.88
281.88
281.88
281.88
281.88
281.88
281.88
281.88
281.88
281.88
281.88
281.88
281.88
281.88
281.88
281.88
281.88
281.88
281.88
281.88
281.88
281.88
281.88
281.88
281.88
281.88
281.88
281.88
281.88
281.88
281.88
281.88
281.88
281.88
281.88
281.88
281.88
281.88
281.88
281.88
281.88
281.88
281.88
281.88
281.88
281.88
281.88
281.88
281.88
281.88
281.88
281.88
281.88
281.88
281.88
281.88
281.88
281.88
281.88
281.88
281.88
281.88
281.88
281.88
281.88
281.88
281.88
281.88
281.88
281.88
281.88
281.88
281.88
281.88
281.88
281.88
281.88
281.88
281.88
281.88
281.88
281.88
281.88
281.88
281.88
281.88
281.88
281.88
281.88
281.88
281.88
281.88
281.88
281.88
281.88
281.88
281.88
281.88
281.88
281.88
281.88
281.88
281.88
281.88
281.88
281.88
281.88
281.88
281.88
281.88
281.88
281.88
281.88
281.88
281.88
281.88
281.88
281.88
281.88
281.88
281.88
281.88
281.88
281.88
281.88
281.88
281.88
281.88
281.88
281.88
281.88
281.88
281.88
281.88
281.88
281.88
281.88
281.88
281.88
281.88
281.88
281.88
281.88
281.88
281.88
281.88
281.88
281.88
281.88
281.88
281.88
281.88
281.88
281.88
281.88
281.88
281.88
281.88
281.88
281.88
281.88
281.88
281.88
281.88
281.733
281.671
281.671
281.671
281.671
281.671
281.671
281.671
281.671
281.671
281.671
281.671
281.671
281.671
281.671
281.671
281.671
281.671
281.671
281.671
281.671
281.671
281.671
281.671
281.671
281.671
281.671
281.671
281.671
281.671
281.671
281.671
281.671
281.671
281.671
281.671
281.671
281.671
281.671
281.671
281.671
281.671
281.671
281.671
281.671
281.671
281.671
281.671
281.671
281.671
281.671
281.671
281.671
281.671
281.671
281.671
281.671
281.671
281.671
281.671
281.671
281.671
281.671
281.671
281.671
281.671
281.671
281.671
281.671
281.671
281.671
281.671
281.671
281.671
281.671
281.671
281.671
281.671
281.671
281.671
281.671
281.671
281.671
281.671
281.671
281.671
281.671
281.671
281.671
281.671
281.671
281.671
281.671
281.671
281.671
281.671
281.671
281.671
281.671
281.671
281.671
281.671
281.671
281.671
281.671
281.671
281.671
281.671
281.671
281.671
281.671
281.671
281.671
281.671
281.671
281.671
281.671
281.671
281.671
281.671
281.671
281.671
281.671
281.671
281.671
281.671
281.671
281.671
281.671
281.671
281.671
281.671
281.671
281.671
281.671
281.671
281.671
281.671
281.671
281.671
281.671
281.671
281.671
281.671
281.671
281.671
281.671
281.671
281.671
281.671
281.671
281.671
281.671
281.671
281.671
281.671
281.671
281.671
281.671
281.671
281.671
281.671
281.671
281.671
281.671
281.671
281.671
281.671
281.671
281.671
281.671
281.671
281.671
281.671
281.671
281.671
281.671
281.671
281.671
281.671
281.671
281.671
281.671
281.671
281.671
281.671
281.671
281.671
281.671
281.671
281.671
281.671
281.671
281.671
281.671
281.671
281.671
281.671
281.671
281.671
281.671
281.671
281.671
281.671
281.671
281.671
281.671
281.671
281.671
281.671
281.671
281.671
281.671
281.671
281.671
281.671
281.671
281.671
281.671
281.671
281.671
281.671
281.671
281.671
281.671
281.671
281.671
281.671
281.671
281.671
281.671
281.671
281.671
281.671
281.671
281.671
281.671
281.671
281.671
281.671
281.671
281.671
281.671
281.671
281.671
281.671
281.671
281.671
281.671
281.671
281.671
281.671
281.671
281.671
281.671
281.671
281.671
281.671
281.671
281.671
281.671
281.671
281.671
281.671
281.671
281.671
281.671
281.671
281.671
281.671
281.671
281.671
281.671
281.671
281.671
281.671
281.671
281.671
281.671
281.671
281.671
281.671
281.671
281.671
281.671
281.671
281.671
281.671
281.671
281.671
281.671
281.671
281.671
281.671
281.671
281.671
281.671
281.671
281.671
281.671
281.671
281.671
281.671
281.671
281.671
281.671
281.671
281.671
281.671
281.671
281.671
281.671
281.671
281.671
281.671
281.671
281.671
281.671
281.671
281.671
281.671
281.671
281.671
281.671
281.671
281.671
281.671
281.671
281.671
281.671
281.671
281.671
281.671
281.671
281.671
281.671
281.671
281.671
281.671
281.671
281.671
281.671
281.671
281.671
281.671
281.671
281.671
281.671
281.671
281.671
281.671
281.671
281.671
281.671
281.671
281.671
281.671
281.671
281.671
281.671
281.671
281.671
281.671
281.671
281.671
281.671
281.671
281.671
281.671
281.671
281.671
281.671
281.671
281.671
281.671
281.671
281.671
281.671
281.671
281.671
281.671
281.671
281.671
281.671
281.671
281.671
281.671
281.671
281.671
281.671
281.671
281.671
281.671
281.671
281.671
281.671
281.671
281.671
281.671
281.671
281.671
281.671
281.671
281.671
281.671
281.671
281.671
281.671
281.671
281.671
281.671
281.671
281.671
281.671
281.671
281.671
281.671
281.671
281.671
281.671
281.671
281.671
281.671
281.671
281.671
281.671
281.671
281.671
281.671
281.671
281.671
281.671
281.671
281.671
281.671
281.671
281.671
281.671
281.671
281.671
281.671
281.671
281.671
281.671
281.671
281.671
281.671
281.671
281.671
281.671
281.671
281.671
281.671
281.671
281.671
281.671
281.671
281.671
281.671
281.671
281.671
281.671
281.671
281.671
281.671
281.671
281.671
281.671
281.671
281.671
281.671
281.671
281.671
281.671
281.671
281.671
281.671
281.671
281.671
281.671
281.671
281.671
281.671
281.671
281.671
281.671
281.671
281.671
281.671
281.671
281.671
281.671
281.671
281.671
281.671
281.671
281.671
281.671
281.671
281.671
281.671
281.671
281.671
281.671
281.671
281.671
281.671
281.671
281.671
281.671
281.671
281.671
281.671
281.671
281.671
281.671
281.671
281.671
281.671
281.671
281.671
281.671
281.671
281.671
281.671
281.671
281.671
281.671
281.671
281.671
281.671
281.671
281.671
281.671
281.671
281.671
281.671
281.671
281.671
281.671
281.671
281.671
281.671
281.671
281.671
281.671
281.671
281.671
281.671
281.671
281.671
281.671
281.671
281.671
281.671
281.671
281.671
281.671
281.671
281.671
281.671
281.671
281.671
281.671
281.671
281.671
281.671
281.671
281.671
281.671
281.671
281.671
281.671
281.671
281.671
281.671
281.671
281.671
281.671
281.671
281.671
281.671
281.671
281.671
281.671
281.671
281.671
281.671
281.671
281.671
281.671
281.671
281.671
281.671
281.671
281.671
281.671
281.671
281.671
281.671
281.671
281.671
281.671
281.671
281.671
281.671
281.671
281.671
281.671
281.671
281.671
281.671
281.671
281.671
281.671
281.671
281.671
281.671
281.671
281.671
281.671
281.671
281.671
281.671
281.671
281.671
281.671
281.671
281.671
281.671
281.671
281.671
281.671
281.671
281.671
281.671
281.671
281.671
281.671
281.671
281.671
281.671
281.671
281.671
281.671
281.671
281.671
281.671
281.671
281.671
281.671
281.671
281.671
281.671
281.671
281.671
281.671
281.671
281.671
281.671
281.671
281.671
281.671
281.671
281.671
281.671
281.671
281.671
281.671
281.671
281.671
281.671
281.671
281.671
281.671
281.671
281.671
281.671
281.671
281.671
281.671
281.671
281.671
281.671
281.671
281.671
281.671
281.671
281.671
281.671
281.671
281.671
281.671
281.671
281.671
281.671
281.671
281.671
281.671
281.671
281.671
281.671
281.671
281.671
281.671
281.671
281.671
281.671
281.671
281.671
281.671
281.671
281.671
281.671
281.671
281.671
281.671
281.671
281.671
281.671
281.671
281.671
281.671
281.671
281.671
281.671
281.671
281.671
281.671
281.671
281.671
281.671
281.671
281.671
281.671
281.671
281.671
281.671
281.671
281.671
281.671
281.671
281.671
281.671
281.671
281.671
281.671
281.671
281.671
281.671
281.671
281.671
281.671
281.671
281.671
281.671
281.671
281.671
281.671
281.671
281.671
281.671
281.671
281.671
281.671
281.671
281.671
281.671
281.671
281.671
281.671
281.671
281.671
281.671
281.671
281.671
281.671
281.671
281.671
281.671
281.671
281.671
281.671
281.671
281.671
281.671
281.671
281.671
281.671
281.671
281.671
281.671
281.671
281.671
281.671
281.671
281.671
281.671
281.671
281.671
281.671
281.671
281.671
281.671
281.671
281.671
281.671
281.671
281.671
281.671
281.671
281.671
281.671
281.671
281.671
281.671
281.671
281.671
281.671
281.671
281.671
281.671
281.671
281.671
281.671
281.671
281.671
281.671
281.671
281.671
281.671
281.671
281.671
281.671
281.671
281.671
281.671
281.671
281.671
281.671
281.671
281.671
281.671
281.671
281.671
281.671
281.671
281.671
281.671
281.671
281.671
281.671
281.671
281.671
281.671
281.671
281.671
281.671
281.671
281.671
281.671
281.671
281.671
281.671
281.671
281.671
281.671
281.671
281.671
281.671
281.671
281.671
281.671
281.671
281.671
281.671
281.671
281.671
281.671
