1022.5
977.835
969.603
967.756
925.076
893.429
876.858
869.294
863.742
848.654
840.431
830.603
806.628
756.071
748.233
748.184
745.849
734.862
728.974
722.822
712.225
694.358
686.959
682.833
681.208
680.841
673.067
665.562
662.54
659.82
659.518
658.214
645.868
642.63
642.621
641.499
624.881
608.536
608.021
608.021
607.855
575.722
554.536
552.947
552.947
552.944
552.837
552.783
552.78
552.208
537.235
532.163
532.162
532.132
532.017
530.955
529.361
529.195
525.619
523.651
521.722
518.004
516.29
515.072
514.3
514.3
514.3
514.28
513.737
513.117
503.701
500.984
500.984
500.61
490.065
482.525
480.463
456.048
452.159
451.578
451.072
450.295
440.622
438.348
438.179
433.976
430.164
429.941
429.941
429.941
429.941
429.941
429.866
427.849
426.607
424.537
423.658
418.58
415.693
415.693
415.693
413.582
410.248
407.992
407.058
406.93
403.102
399.42
398.6
398.6
398.6
398.6
398.498
395.629
393.536
393.536
393.536
393.536
393.536
393.536
393.373
389.052
385.388
385.388
385.388
385.388
385.388
385.388
385.388
385.388
385.388
385.362
384.777
384.193
384.06
384.06
384.06
384.06
384.06
384.06
384.06
384.06
384.06
384.06
384.06
384.06
384.06
384.007
382.749
381.7
381.438
381.438
381.438
381.438
381.438
381.438
381.438
381.202
376.715
375.53
375.53
375.53
375.53
375.53
375.53
375.53
375.53
375.53
375.53
375.461
373.294
372.07
372.07
372.07
372.068
372.034
372.007
371.999
371.999
371.999
371.999
371.364
370.881
370.718
370.406
370.191
370.191
370.179
369.777
369.583
369.583
369.543
368.205
367.614
367.614
367.614
367.611
367.513
367.454
367.451
367.451
366.742
366.191
366.138
366.138
366.138
366.138
366.138
366.138
366.138
366.138
366.138
366.138
366.138
366.138
366.138
366.138
366.138
366.138
366.138
366.138
366.138
366.138
366.138
366.138
366.138
366.138
366.138
366.138
366.138
366.138
366.138
366.138
366.138
366.138
366.138
366.124
365.7
365.436
365.436
365.436
352.035
346.824
346.824
346.824
346.824
346.684
342.229
339.863
339.863
339.847
339.32
339.088
339.088
339.088
339.088
339.088
339.088
339.088
339.088
339.088
337.773
337.358
337.358
337.358
337.358
337.358
337.358
337.358
337.358
337.358
337.358
337.358
337.253
335.129
332.419
329.785
327.937
327.453
326.853
326.439
326.439
326.439
326.423
325.961
325.615
325.615
325.615
325.615
325.615
325.615
325.615
325.615
325.615
325.615
325.615
325.615
325.615
325.615
325.615
325.615
325.615
325.615
325.615
325.615
325.615
325.615
325.615
325.615
325.615
325.615
325.615
325.615
325.615
325.615
325.615
325.615
325.615
325.615
325.615
325.615
324.725
324.041
323.722
318.999
314.821
314.821
314.821
314.821
314.821
314.821
314.808
314.489
314.132
312.59
311.124
310.996
310.996
310.996
310.996
310.996
310.996
310.996
310.996
310.996
310.994
310.897
310.654
310.489
310.481
310.481
310.481
310.481
310.481
310.481
310.481
310.481
310.481
310.481
310.481
310.481
310.481
310.481
310.481
310.481
310.481
310.481
310.481
310.481
310.481
310.382
307.406
305.521
305.521
305.521
305.521
305.521
305.502
304.959
304.61
304.552
304.552
304.552
304.552
304.552
304.552
304.552
304.552
304.552
304.552
304.552
304.552
304.552
304.552
304.552
304.552
304.552
304.552
304.552
304.53
303.866
303.48
303.48
303.48
303.48
303.476
303.341
303.263
303.263
303.263
303.263
303.263
303.263
303.263
303.263
303.263
303.263
303.263
303.263
303.263
303.263
296.029
294.652
294.652
294.652
294.652
294.652
294.652
294.652
294.646
294.474
294.382
294.382
294.382
294.382
294.382
294.382
294.382
294.382
294.382
294.357
292.307
291.307
291.307
291.307
291.307
291.307
291.307
291.307
291.307
291.307
291.307
291.282
290.386
290.027
290.027
290.027
290.027
290.027
290.027
290.027
289.776
289.025
288.612
288.568
288.568
288.568
288.568
288.568
288.568
288.568
288.568
288.568
288.568
288.568
288.568
288.568
288.568
288.568
288.568
288.568
287.91
287.462
287.251
287.251
287.251
287.251
287.251
287.251
287.251
287.251
287.251
287.251
287.251
287.251
287.251
287.251
287.251
287.251
287.251
287.251
286.902
286.804
286.804
286.804
286.804
286.804
286.804
286.804
286.804
286.778
285.934
285.524
285.524
285.524
285.524
285.524
285.524
285.524
285.524
285.524
285.524
285.524
285.524
285.524
285.524
285.524
285.524
285.524
285.524
285.524
285.524
285.524
285.524
285.524
285.524
285.524
285.524
285.524
285.524
285.524
285.524
285.524
285.524
285.524
285.524
285.524
285.524
285.524
285.524
285.524
285.524
285.524
285.524
285.524
285.524
285.524
285.524
285.524
285.524
285.524
285.409
285.327
285.319
285.319
285.319
285.319
285.319
285.319
285.319
285.319
285.319
285.319
285.319
285.319
285.319
285.319
285.319
285.319
285.319
285.319
285.014
284.557
284.472
284.472
284.472
284.472
284.472
284.472
284.472
284.472
284.472
284.472
284.472
284.472
284.472
284.472
284.472
284.472
284.472
284.472
284.057
283.676
283.606
283.606
283.606
283.606
283.606
283.606
283.606
283.606
283.606
283.606
283.606
283.606
283.606
283.606
283.606
283.606
283.606
283.606
283.406
283.311
283.311
283.311
283.311
283.311
283.311
283.311
283.311
283.311
283.311
283.311
283.311
283.311
283.311
283.311
283.311
283.311
283.311
283.311
283.311
283.311
283.311
283.311
283.311
283.311
283.311
283.311
283.311
283.311
283.311
283.311
283.311
283.311
283.311
283.311
283.311
283.311
283.311
283.311
283.311
283.311
283.311
283.311
283.311
283.311
283.311
283.311
283.311
283.311
283.311
283.311
283.311
283.311
283.311
283.311
283.311
283.311
283.311
283.311
283.288
283.271
283.266
283.266
283.266
283.266
283.266
283.266
283.266
283.266
283.266
283.266
283.266
283.266
283.266
283.266
283.266
283.266
283.266
283.266
283.266
283.266
283.266
283.266
283.266
283.266
283.25
282.736
282.463
282.463
282.463
282.463
282.463
282.463
282.463
282.463
282.463
282.463
282.463
282.463
282.463
282.463
282.463
282.463
282.463
282.463
282.463
282.463
282.463
282.463
282.463
282.463
282.463
282.463
282.463
282.463
282.463
282.463
282.463
282.463
282.463
282.463
282.463
282.463
282.463
282.463
282.463
282.463
282.463
282.463
282.463
282.463
282.463
282.463
282.463
282.463
282.463
282.463
282.463
282.463
282.463
282.463
282.463
282.463
282.463
282.463
282.463
282.463
282.463
282.463
282.463
282.463
282.463
282.463
282.463
282.463
282.463
282.463
282.463
282.463
282.463
282.463
282.463
282.463
282.463
282.463
282.463
282.463
282.463
282.463
282.463
282.463
282.463
282.463
282.463
282.463
282.463
282.463
282.463
282.463
282.463
282.463
282.463
282.463
282.463
282.463
282.463
282.463
282.463
282.463
282.463
282.463
282.463
282.463
282.463
282.463
282.463
282.463
282.463
282.463
282.463
282.463
282.463
282.463
282.463
282.463
282.463
282.463
282.463
282.463
282.463
282.463
282.463
282.463
282.463
282.463
282.463
282.463
282.463
282.463
282.044
281.707
281.658
281.658
281.658
281.658
281.658
281.658
281.658
281.658
281.658
281.658
281.658
281.658
281.658
281.658
281.658
281.658
281.658
281.658
281.658
281.657
281.633
281.607
281.605
281.605
281.605
281.605
281.605
281.605
281.605
281.605
281.605
281.605
281.605
281.605
281.605
281.605
281.605
281.605
281.605
281.605
281.605
281.605
281.605
281.605
281.605
281.605
281.605
281.605
281.605
281.605
281.605
281.605
281.605
281.605
281.605
281.605
281.605
281.605
281.605
281.605
281.605
281.605
281.605
281.605
281.605
281.605
281.605
281.605
281.605
281.605
281.605
281.605
281.605
281.605
281.605
281.605
281.605
281.605
281.605
281.605
281.605
281.605
281.605
281.605
281.605
281.605
281.605
281.605
281.605
281.605
281.605
281.605
281.605
281.605
281.605
281.605
281.605
281.605
281.605
281.605
281.605
281.605
281.605
281.605
281.605
281.605
281.605
281.605
281.605
281.605
281.605
281.605
281.605
281.605
281.605
281.605
281.605
281.605
281.605
281.605
281.605
281.605
281.605
281.605
281.605
281.605
281.605
281.605
281.605
281.605
281.605
281.605
281.605
281.605
281.605
281.605
281.605
281.605
281.605
281.605
281.605
281.605
281.605
281.605
281.605
281.605
281.605
281.605
281.605
281.605
281.605
281.605
281.605
281.605
281.605
281.605
281.605
281.605
281.605
281.605
281.605
281.605
281.605
281.605
281.605
281.605
281.605
281.605
281.605
281.585
281.06
280.651
280.631
280.631
280.631
280.631
280.631
280.631
280.631
280.631
280.631
280.631
280.631
280.631
280.631
280.631
280.631
280.631
280.631
280.631
280.631
280.631
280.631
280.631
280.631
280.631
280.631
280.631
280.631
280.631
280.631
280.631
280.631
280.631
280.631
280.631
280.631
280.631
280.631
280.631
280.631
280.631
280.631
280.631
280.631
280.631
280.631
280.631
280.631
280.631
280.631
280.631
280.631
280.631
280.631
280.631
280.631
280.631
280.631
280.631
280.631
280.631
280.631
280.631
280.631
280.631
280.631
280.631
280.631
280.631
280.631
280.631
280.631
280.631
280.631
280.631
280.631
280.631
280.631
280.631
280.631
280.631
280.631
280.631
280.631
280.631
280.631
280.631
280.631
280.631
280.631
280.631
280.631
280.631
280.631
280.631
280.631
280.631
280.631
280.631
280.631
280.631
280.631
280.631
280.631
280.631
280.631
280.631
280.631
280.631
280.631
280.631
280.631
280.631
280.631
280.631
280.631
280.631
280.631
280.631
280.631
280.631
280.631
280.631
280.631
280.631
280.631
280.631
280.631
280.631
280.631
280.631
280.631
280.631
280.631
280.631
280.631
280.631
280.631
280.631
280.631
280.631
280.631
280.631
280.631
280.631
280.631
280.631
280.631
280.631
280.631
280.631
280.631
280.631
280.631
280.631
280.631
280.631
280.631
280.631
280.631
280.631
280.631
280.631
280.631
280.631
280.631
280.631
280.631
280.631
280.631
280.631
280.631
280.631
280.631
280.631
280.631
280.631
280.631
280.631
280.631
280.631
280.631
280.631
280.631
280.631
280.631
280.631
280.631
280.631
280.631
280.631
280.631
280.631
280.631
280.631
280.631
280.631
280.631
280.631
280.631
280.631
280.631
280.631
280.631
280.631
280.631
280.631
280.631
280.631
280.631
280.631
280.631
280.631
280.631
280.631
280.631
280.631
280.631
280.631
280.631
280.631
280.631
280.631
280.631
280.631
280.631
280.631
280.631
280.631
280.631
280.631
280.631
280.631
280.631
280.631
280.631
280.631
280.631
280.631
280.631
280.631
280.631
280.631
280.631
280.631
280.631
280.631
280.631
280.631
280.631
280.631
280.631
280.631
280.631
280.631
280.631
280.631
280.631
280.631
280.631
280.631
280.631
280.631
280.631
280.631
280.631
280.631
280.631
280.631
280.631
280.631
280.631
280.631
280.631
280.631
280.631
280.631
280.631
280.631
280.631
280.631
280.631
280.631
280.631
280.631
280.631
280.631
280.631
280.631
280.631
280.631
280.631
280.631
280.631
280.631
280.631
280.631
280.631
280.631
280.631
280.631
280.631
280.631
280.631
280.631
280.631
280.631
280.631
280.631
280.631
280.631
280.631
280.631
280.631
280.631
280.631
280.631
280.631
280.631
280.631
280.631
280.631
280.631
280.631
280.631
280.631
280.631
280.631
280.631
280.631
280.631
280.631
280.631
280.631
280.631
280.631
280.631
280.631
280.631
280.631
280.631
280.631
280.631
280.631
280.631
280.631
280.631
280.631
280.631
280.631
280.631
280.631
280.631
280.631
280.631
280.631
280.631
280.631
280.631
280.631
280.631
280.631
280.631
280.631
280.631
280.631
280.631
280.631
280.631
280.631
280.631
280.631
280.631
280.631
280.631
280.631
280.631
280.631
280.631
280.631
280.631
280.631
280.631
280.631
280.631
280.631
280.631
280.631
280.631
280.631
280.631
280.631
280.631
280.631
280.631
280.631
280.631
280.631
280.631
280.631
280.631
280.631
280.631
280.631
280.631
280.631
280.631
280.631
280.631
280.631
280.631
280.631
280.631
280.631
280.631
280.631
280.631
280.631
280.631
280.631
280.631
280.631
280.631
280.631
280.631
280.631
280.631
280.631
280.631
280.631
280.631
280.631
280.631
280.631
280.631
280.631
280.631
280.631
280.631
280.631
280.631
280.631
280.631
280.631
280.631
280.631
280.631
280.631
280.631
280.631
280.631
280.631
280.631
280.631
280.631
280.631
280.631
280.631
280.631
280.631
280.631
280.631
280.631
280.631
280.631
280.631
280.631
280.631
280.631
280.631
280.631
280.631
280.631
280.631
280.631
280.631
280.631
280.631
280.631
280.631
280.631
280.631
280.631
280.631
280.631
280.631
280.631
280.631
280.631
280.631
280.631
280.631
280.631
280.631
280.631
280.631
280.631
280.631
280.631
280.631
280.631
280.631
280.631
280.631
280.631
280.631
280.631
279.733
279.015
278.835
278.835
278.835
278.835
278.835
278.835
278.835
278.835
278.835
278.835
278.835
278.835
278.835
278.835
278.835
278.835
278.835
278.835
278.835
278.835
278.835
278.835
278.835
278.835
278.835
278.835
278.835
278.835
278.835
278.835
278.835
278.835
278.835
278.835
278.835
278.835
278.835
278.835
278.379
278.1
278.1
278.1
278.1
278.1
278.1
278.1
278.1
278.1
278.1
278.1
278.1
278.1
278.1
278.1
278.1
278.1
278.1
278.1
278.1
278.1
278.1
278.1
278.1
278.1
278.1
278.1
278.1
278.1
278.1
278.1
278.1
278.1
278.1
278.1
278.1
278.1
278.1
278.1
278.1
278.1
278.1
278.1
278.1
278.1
278.1
278.1
278.1
278.1
278.1
278.1
278.1
278.1
278.1
278.1
278.1
278.1
278.1
278.1
278.1
278.1
278.1
278.1
278.1
278.1
278.1
278.1
278.1
278.1
278.1
278.1
278.1
278.1
278.1
278.1
278.1
278.1
278.1
278.1
278.1
278.1
278.1
278.1
278.1
278.1
278.1
278.1
278.1
278.1
278.1
278.1
278.1
278.1
278.1
278.1
278.1
278.1
278.1
278.1
278.1
278.1
278.1
278.1
278.1
278.1
278.1
278.1
278.1
278.1
278.1
278.1
278.1
278.1
278.1
278.1
278.1
278.1
278.1
278.1
278.1
278.1
278.1
278.1
278.1
278.1
278.1
278.1
278.1
278.1
278.1
278.1
278.1
278.1
278.1
278.1
278.1
278.1
278.1
278.1
278.1
278.1
278.1
278.1
278.1
278.1
278.1
278.1
278.1
278.1
278.1
278.1
278.1
278.1
278.1
278.1
278.1
278.1
278.1
278.1
278.1
278.1
278.1
278.1
278.1
278.1
278.1
278.1
278.1
278.1
278.1
278.1
278.1
278.1
278.1
278.1
278.1
278.1
278.1
278.1
278.1
278.1
278.1
278.1
278.1
278.1
278.1
278.1
278.1
278.1
278.1
278.1
278.1
278.1
278.1
278.1
278.1
278.1
278.1
278.1
278.1
278.1
278.1
278.1
278.1
278.1
278.1
278.1
278.1
278.1
278.1
278.1
278.1
278.1
278.1
278.1
278.1
278.1
278.1
278.1
278.1
278.1
278.1
278.1
278.1
278.1
278.1
278.1
278.1
278.1
278.1
278.1
278.1
278.1
278.1
278.1
278.1
278.1
278.1
278.1
278.1
278.1
278.1
278.1
278.1
278.1
278.1
278.1
278.1
278.1
278.1
278.1
278.1
278.1
278.1
278.1
278.1
278.1
278.1
278.1
278.1
278.1
278.1
278.1
278.1
278.1
278.1
278.1
278.1
278.1
278.1
278.1
278.1
278.1
278.1
278.1
278.1
278.1
278.1
278.1
278.1
278.1
278.1
278.1
278.1
278.1
278.1
278.1
278.1
278.1
278.1
278.1
278.1
278.1
278.1
278.1
278.1
278.1
278.1
278.1
278.1
278.1
278.1
278.1
278.1
278.1
278.1
278.1
278.1
278.1
278.1
278.1
278.1
278.1
278.1
278.1
278.1
278.1
278.1
278.1
278.1
278.1
278.1
278.1
278.1
278.1
278.1
278.1
278.1
278.1
278.1
278.1
278.1
278.1
278.1
278.1
278.1
278.1
278.1
278.1
278.1
278.1
278.1
278.1
278.1
278.1
278.1
278.1
278.1
278.1
278.1
278.1
278.1
278.1
278.1
278.1
278.1
278.1
278.1
278.1
278.1
278.1
278.1
278.1
278.1
278.1
278.1
278.1
278.1
278.1
278.1
278.1
278.1
278.1
278.1
278.1
278.1
278.1
278.1
278.1
278.1
278.1
278.1
278.1
278.1
278.1
278.1
278.1
278.1
278.1
278.1
278.1
278.1
278.1
278.1
278.1
278.1
278.1
278.1
278.1
278.1
278.1
278.1
278.1
278.1
278.1
278.1
278.1
278.1
278.1
278.1
278.1
278.1
278.1
278.1
278.1
278.1
278.1
278.1
278.1
278.1
278.1
278.1
278.1
278.1
278.1
278.1
278.1
278.1
278.1
278.1
278.1
278.1
278.1
278.1
278.1
278.1
278.1
278.1
