1011.95
946.077
896.339
816.474
778.669
752.986
747.132
741.392
728.117
714.313
698.292
674.889
665.399
663.126
650.605
642.469
641.888
640.638
633.399
627.236
621.976
620.532
613.822
606.397
596.15
588.04
578.448
564.91
557.682
543.81
539.866
536.524
533.263
528.879
522.212
513.934
505.83
497.112
496.263
496.263
496.263
496.207
494.856
493.787
493.442
493.264
492.944
490.56
479.821
472.884
471.074
466.084
459.24
455.689
452.96
450.808
448.288
444.329
440.213
437.886
437.465
435.483
433.764
432.546
431.992
431.91
431.907
431.907
431.907
431.907
431.839
429.905
428.38
425.698
422.962
421.41
421.362
421.342
420.867
420.034
419.697
418.67
417.985
417.833
417.833
417.833
417.833
417.833
417.833
417.833
417.833
417.833
417.833
417.833
417.833
417.737
414.57
411.943
410.747
410.429
410.429
410.429
410.36
408.163
406.97
406.307
405.103
403.278
402.995
402.03
400.928
400.744
400.744
400.722
400.146
397.35
394.039
387.307
380.991
380.897
379.726
378.696
378.602
378.602
378.602
378.602
378.602
378.602
378.602
378.602
378.602
378.602
378.602
378.602
378.602
378.602
378.602
378.602
378.602
378.583
378.43
377.856
377.645
377.645
377.645
377.645
377.645
377.567
375.208
373.714
373.714
373.714
373.714
373.646
371.518
370.626
370.282
370.282
370.282
370.282
370.282
370.282
370.282
370.282
370.282
370.282
370.282
370.282
370.282
370.282
370.282
370.282
370.219
368.702
367.501
367.122
367.079
365.626
364.966
364.95
364.916
363.658
356.631
354.704
354.704
354.704
354.704
354.704
354.704
354.704
354.704
354.704
354.704
354.704
354.704
354.704
354.704
354.695
354.351
354.174
353.114
351.459
350.892
350.44
349.084
349.047
349.047
349.047
349.047
349.044
348.477
343.896
335.266
332.742
330.622
328.328
328.246
328.246
328.246
328.246
328.246
328.246
328.246
328.246
328.246
328.246
328.246
328.246
328.246
328.246
328.246
328.246
328.246
328.246
328.246
328.246
328.246
328.246
328.246
328.246
328.246
328.246
328.246
328.246
328.246
328.246
328.246
328.246
328.246
328.246
328.246
328.246
328.246
328.246
328.246
328.246
328.246
328.246
328.246
328.246
328.246
328.246
328.246
328.246
328.246
328.246
328.246
328.246
328.246
328.246
328.246
328.246
328.246
328.246
328.246
328.246
328.246
328.246
328.246
328.246
328.246
328.246
328.246
328.243
328.152
328.084
328.084
328.084
328.084
328.084
328.084
328.084
328.084
328.084
328.084
328.084
328.084
328.084
328.084
328.084
328.084
328.084
328.084
328.084
328.084
328.084
328.084
328.084
328.084
328.084
328.084
328.084
328.084
328.084
328.084
328.084
328.084
328.084
328.084
328.084
328.084
328.084
328.084
328.084
328.084
328.084
328.084
328.084
328.084
328.084
328.084
328.084
328.084
328.084
328.084
328.084
328.084
328.084
328.084
328.067
327.617
327.259
326.441
326.13
325.934
325.919
325.919
325.919
325.919
325.919
325.919
325.919
325.919
325.919
325.919
325.919
325.919
325.919
325.919
325.919
325.919
325.919
325.919
325.919
325.919
325.919
325.919
325.919
325.919
325.919
325.919
325.919
325.919
325.919
325.919
325.919
325.919
325.919
325.919
325.919
325.919
325.919
325.919
325.919
325.919
325.919
325.919
325.913
325.749
324.807
324.395
324.395
324.395
324.395
324.395
324.395
324.395
324.395
324.395
324.395
324.395
324.395
324.395
324.395
324.395
324.395
324.395
324.395
324.395
324.395
324.395
324.395
324.395
324.395
324.395
324.395
324.395
324.395
324.395
324.395
324.395
324.395
324.395
324.395
324.395
324.395
324.395
324.395
324.395
324.395
324.395
324.395
324.395
324.395
324.395
324.395
324.395
324.395
324.395
324.395
324.395
324.395
324.395
324.395
324.395
324.395
324.395
324.395
324.395
324.395
324.395
324.361
323.28
322.705
322.705
322.705
322.705
322.705
322.705
322.705
322.705
322.705
322.705
322.705
322.705
322.705
322.693
322.403
322.15
322.101
322.101
322.101
322.101
322.101
322.101
322.101
322.101
322.101
322.101
322.101
322.101
322.101
322.101
322.101
322.101
322.101
322.101
322.101
322.101
322.101
322.101
322.101
322.101
322.101
322.101
322.101
322.101
322.101
322.101
322.101
322.101
322.101
322.101
322.101
322.101
322.101
322.101
322.101
322.101
322.101
322.101
322.101
322.101
322.101
322.101
322.101
322.101
322.101
322.101
322.101
322.101
322.101
322.101
322.101
322.101
322.07
321.353
320.729
320.542
320.542
320.542
320.542
320.542
320.542
320.542
320.542
320.542
320.542
320.542
320.542
320.542
320.542
320.542
320.542
320.542
320.542
320.542
320.542
320.542
320.542
320.542
320.499
319.395
318.576
318.417
318.417
318.417
318.417
318.417
318.417
318.417
318.417
318.417
318.417
318.417
318.417
318.417
318.417
318.417
318.417
318.335
315.469
314.323
314.323
314.323
314.323
314.323
314.323
314.323
314.323
314.323
314.279
313.614
312.329
312.107
312.107
312.107
312.107
312.107
312.107
312.107
312.107
312.107
312.107
312.107
312.107
312.107
312.107
312.107
312.107
312.107
312.107
312.107
312.107
312.107
312.107
312.107
312.107
312.107
312.107
312.107
312.107
312.107
312.107
312.107
312.107
312.107
312.107
312.107
312.107
312.107
312.107
312.107
312.107
312.107
312.107
312.107
312.107
312.107
312.107
312.107
312.107
312.107
312.107
312.107
312.107
312.107
312.107
312.107
312.107
312.107
312.107
312.107
312.107
312.107
312.107
312.107
312.107
312.107
312.107
312.107
312.107
312.107
312.107
312.107
312.107
312.107
312.107
312.107
312.107
312.107
312.107
312.107
312.083
311.393
310.876
310.876
310.876
310.876
310.876
310.876
310.876
310.876
310.876
310.876
310.876
310.876
310.876
310.876
310.876
310.876
310.876
310.876
310.876
310.876
310.876
310.876
310.876
310.876
310.876
310.876
310.876
310.876
310.876
310.876
310.876
310.862
310.556
309.781
309.303
309.246
309.246
309.246
309.246
309.246
309.246
309.246
309.246
309.246
309.246
309.246
309.246
309.246
309.246
309.246
309.246
309.246
309.246
309.246
309.246
309.149
306.343
304.505
304.408
304.408
304.408
304.408
304.408
304.408
304.408
304.408
304.408
304.408
304.408
304.408
304.408
304.408
304.408
304.408
304.408
304.408
304.408
304.408
304.408
304.408
304.408
304.408
304.408
304.408
304.408
304.326
301.535
300.303
300.303
300.303
300.303
300.303
300.303
300.303
300.303
300.303
300.303
300.303
300.303
300.303
300.303
300.303
300.303
300.303
300.303
300.303
300.303
300.303
300.303
300.303
300.303
300.303
300.292
300.282
300.28
300.28
300.28
300.28
300.28
300.28
300.219
298.881
297.36
297.238
297.238
297.238
297.238
297.238
297.238
297.238
297.238
297.238
297.238
297.238
297.238
297.238
297.238
297.238
297.238
297.238
297.238
297.238
297.238
297.238
297.238
297.238
297.238
297.238
297.238
297.238
297.238
297.238
297.238
297.238
297.238
297.238
297.238
297.238
297.238
297.238
297.238
297.238
297.238
297.238
297.238
297.238
297.238
297.238
297.238
297.238
297.238
297.238
297.238
297.238
297.238
297.238
297.193
296.251
291.818
288.913
288.476
288.385
288.385
288.385
288.385
288.385
288.385
288.385
288.385
288.385
288.385
288.385
288.385
288.385
288.385
288.385
288.385
288.385
288.385
288.385
288.385
288.385
288.351
287.538
286.927
286.69
286.69
286.69
286.69
286.69
286.69
286.69
286.69
286.69
286.69
286.69
286.69
286.69
286.69
286.69
286.69
286.69
286.69
286.69
286.69
286.69
286.69
286.69
286.69
286.69
286.69
286.69
286.69
286.69
286.69
286.69
286.69
286.69
286.69
286.69
286.69
286.69
286.69
286.69
286.69
286.69
286.69
286.69
286.69
286.69
286.69
286.69
286.69
286.69
286.69
286.69
286.69
286.69
286.69
286.69
286.69
286.605
284.289
282.662
282.405
282.405
282.405
282.405
282.405
282.405
282.405
282.405
282.405
282.405
282.405
282.405
282.405
282.405
282.405
282.405
282.405
282.405
282.405
282.405
282.405
282.405
282.405
282.405
282.405
282.405
282.405
282.405
282.405
282.405
282.405
282.405
282.405
282.405
282.405
282.405
282.405
282.405
282.405
282.405
282.405
282.405
282.405
282.405
282.405
282.405
282.405
282.405
282.405
282.405
282.405
282.405
282.405
282.405
282.405
282.405
282.405
282.405
282.405
282.405
282.405
282.405
282.405
282.405
282.405
282.405
282.405
282.405
282.405
282.405
282.405
282.405
282.405
282.405
282.405
282.405
282.405
282.405
282.405
282.405
282.405
282.405
282.405
282.405
282.405
282.405
282.405
282.405
282.405
282.405
282.405
282.405
282.405
282.405
282.405
282.405
282.405
282.405
282.405
282.405
282.405
282.405
282.405
282.405
282.405
282.405
282.405
282.405
282.405
282.405
282.405
282.405
282.405
282.405
282.405
282.405
282.405
282.405
282.405
282.405
282.405
282.405
282.405
282.405
282.405
282.405
282.405
282.405
282.405
282.405
282.405
282.405
282.405
282.405
282.405
282.405
282.405
282.405
282.405
282.405
282.405
282.405
282.405
282.405
282.405
282.405
282.405
282.405
282.405
282.405
282.405
282.405
282.405
282.405
282.405
282.405
282.405
282.405
282.405
282.405
282.405
282.405
282.405
282.405
282.405
282.405
282.405
282.405
282.405
282.405
282.405
282.405
282.405
282.405
282.405
282.405
282.405
282.405
282.405
282.405
282.405
282.405
282.405
282.405
282.405
282.405
282.405
282.405
282.405
282.405
282.405
282.405
282.405
282.405
282.405
282.405
282.405
282.405
282.405
282.405
282.405
282.405
282.405
282.405
282.405
282.405
282.405
282.405
282.405
282.405
282.405
282.405
282.405
282.405
282.405
282.405
282.405
282.405
282.405
282.405
282.405
282.405
282.405
282.405
282.405
282.405
282.405
282.405
282.405
282.405
282.405
282.405
282.405
282.405
282.405
282.405
282.405
282.405
282.405
282.405
282.405
282.405
282.405
282.405
282.405
282.405
282.405
282.405
282.405
282.405
282.405
282.405
282.405
282.405
282.405
282.405
282.405
282.405
282.405
282.405
282.405
282.405
282.405
282.405
282.405
282.405
282.405
282.405
282.405
282.405
282.405
282.405
282.405
282.405
282.405
282.405
282.405
282.405
282.405
282.405
282.405
282.405
282.405
282.405
282.405
282.405
282.405
282.405
282.405
282.405
282.405
282.405
282.405
282.405
282.405
282.405
282.405
282.405
282.405
282.405
282.405
282.405
282.405
282.405
282.405
282.405
282.405
282.405
282.405
282.405
282.405
282.405
282.405
282.405
282.405
282.405
282.405
282.405
282.405
282.405
282.405
282.405
282.405
282.405
282.405
282.405
282.405
282.405
282.405
282.405
282.405
282.405
282.405
282.405
282.405
282.405
282.405
282.405
282.405
282.405
282.405
282.405
282.405
282.405
282.405
282.405
282.405
282.405
282.405
282.405
282.405
282.405
282.405
282.405
282.405
282.405
282.405
282.405
282.405
282.405
282.405
282.405
282.405
282.405
282.405
282.405
282.405
282.405
282.405
282.405
282.405
282.405
282.405
282.405
282.405
282.405
282.405
282.405
282.405
282.405
282.405
282.405
282.405
282.405
282.405
282.405
282.405
282.405
282.405
282.405
282.405
282.405
282.405
282.405
282.405
282.405
282.405
282.405
282.405
282.405
282.405
282.405
282.405
282.405
282.405
282.405
282.405
282.405
282.405
282.405
282.405
282.405
282.405
282.405
282.405
282.405
282.405
282.405
282.405
282.405
282.405
282.405
282.304
278.545
277.326
277.326
277.326
277.326
277.326
277.326
277.326
277.326
277.326
277.326
277.326
277.326
277.326
277.326
277.326
277.326
277.326
277.326
277.326
277.326
277.326
277.326
277.326
277.326
277.326
277.326
277.326
277.326
277.326
277.326
277.326
277.326
277.326
277.326
277.326
277.326
277.326
277.326
277.326
277.326
277.326
277.326
277.326
277.326
277.326
277.326
277.326
277.326
277.326
277.326
277.326
277.326
277.326
277.326
277.326
277.326
277.326
277.326
277.326
277.326
277.326
277.326
277.326
277.326
277.326
277.326
277.326
277.326
277.326
277.326
277.326
277.326
277.326
277.326
277.326
277.326
277.326
277.326
277.326
277.326
277.326
277.326
277.326
277.326
277.326
277.326
277.326
277.326
277.326
277.326
277.326
277.326
277.326
277.326
277.326
277.326
277.326
277.326
277.326
277.326
277.326
277.326
277.326
277.326
277.326
277.326
277.326
277.326
277.326
277.326
277.326
277.326
277.326
277.326
277.326
277.326
277.326
277.326
277.326
277.326
277.326
277.326
277.326
277.326
277.326
277.326
277.326
277.326
277.326
277.326
277.326
277.326
277.326
277.326
277.326
277.326
277.326
277.277
275.716
274.887
274.887
274.887
274.887
274.887
274.887
274.887
274.887
274.887
274.887
274.887
274.887
274.887
274.887
274.887
274.887
274.887
274.887
274.887
274.887
274.887
274.887
274.887
274.887
274.887
274.887
274.887
274.887
274.887
274.887
274.887
274.887
274.887
274.887
274.887
274.887
274.887
274.887
274.887
274.887
274.887
274.887
274.887
274.887
274.887
274.887
274.887
274.887
274.87
274.397
274.075
274.026
273.507
273.324
273.278
273.278
273.278
273.278
273.278
273.278
273.278
273.278
273.278
273.278
273.278
273.278
273.278
273.278
273.278
273.278
273.278
273.278
273.278
273.278
273.278
273.278
273.278
273.278
273.278
273.278
273.278
273.278
273.278
273.278
273.278
273.278
273.278
273.278
273.278
273.278
273.278
273.278
273.278
273.278
273.278
273.278
273.278
273.278
273.278
273.278
273.278
273.278
273.278
273.278
273.278
273.278
273.278
273.278
273.278
273.278
273.278
273.278
273.278
273.278
273.278
273.278
273.278
273.278
273.278
273.278
273.278
273.278
273.278
273.278
273.278
273.278
273.278
273.278
273.278
273.278
273.278
273.278
273.278
273.278
273.278
273.278
273.278
273.278
273.278
273.278
273.278
273.278
273.278
273.278
273.278
273.278
273.278
273.278
273.278
273.278
273.278
273.278
273.278
273.278
273.278
273.278
273.278
273.278
273.278
273.278
273.278
273.278
273.278
273.278
273.278
273.278
273.278
273.278
273.278
273.278
273.278
273.278
273.278
273.278
273.278
273.278
273.278
273.278
273.278
273.278
273.278
273.278
273.278
273.278
273.278
273.278
273.278
273.278
273.278
273.278
273.278
273.278
273.278
273.278
273.278
273.278
273.278
273.278
273.278
273.278
273.278
273.278
273.278
273.278
273.278
273.278
273.278
273.278
273.278
273.278
273.278
273.278
273.278
273.278
273.278
273.278
273.278
273.278
273.278
273.278
273.278
273.278
273.278
273.278
273.278
273.278
273.278
273.278
273.278
273.278
273.278
273.278
273.278
273.278
273.278
273.278
273.278
273.278
273.278
273.278
273.278
273.278
273.278
273.278
273.278
273.278
273.278
273.278
273.278
273.278
273.278
273.278
273.278
273.278
273.278
273.278
273.278
273.278
273.278
273.278
273.278
273.278
273.278
273.278
273.278
273.278
273.278
273.278
273.278
273.278
273.278
273.278
273.278
273.278
273.278
273.278
273.278
273.278
273.278
273.278
273.278
273.278
273.278
273.278
273.278
273.278
273.278
273.278
273.278
273.278
273.278
273.278
273.278
273.278
273.278
273.278
273.278
273.278
273.278
273.278
273.278
273.278
273.278
273.278
273.278
273.278
273.278
273.278
273.278
273.278
273.278
273.278
273.278
273.278
273.278
273.278
273.278
273.278
273.278
273.278
273.278
273.278
273.278
273.278
273.278
273.278
273.278
273.278
273.278
273.278
273.278
273.278
273.278
273.278
273.278
273.278
273.278
273.278
273.278
273.278
273.278
273.278
273.278
273.278
273.278
273.278
273.278
273.278
273.278
273.278
273.278
273.278
273.278
273.278
273.278
273.278
273.278
273.278
273.278
273.278
273.278
273.278
273.278
273.278
273.278
273.278
273.278
273.278
273.278
273.278
273.278
273.274
273.188
273.089
273.073
273.073
273.073
273.073
273.073
273.073
273.073
273.073
273.073
273.073
273.073
273.073
273.073
273.073
273.073
273.073
273.073
273.073
273.073
273.073
273.073
273.073
273.073
273.073
273.073
273.073
273.073
273.073
273.073
273.073
273.073
273.073
273.073
273.073
273.073
273.073
273.073
273.073
273.073
273.073
273.073
273.073
273.073
273.073
273.073
273.073
273.073
273.073
273.073
273.073
273.073
273.073
273.073
273.073
273.073
273.073
273.073
273.073
273.073
273.073
273.073
273.073
273.073
273.073
273.073
273.073
273.073
273.073
273.073
273.073
273.073
273.073
273.073
273.073
273.073
273.073
273.073
273.073
273.073
273.073
273.073
273.073
273.073
273.073
273.073
273.073
273.073
273.073
273.073
273.073
273.073
273.073
273.073
273.073
273.073
273.073
273.073
273.073
273.073
273.073
273.073
273.073
273.073
273.073
273.073
273.073
273.073
273.073
273.073
273.073
273.073
273.073
273.073
273.073
273.073
273.073
273.073
273.073
273.073
273.073
273.073
273.073
273.073
273.073
273.073
273.073
273.073
273.073
273.073
273.073
273.073
273.073
273.073
273.073
