974.794
898.974
815.603
794.683
779.739
773.176
761.356
743.041
726.55
709.614
694.285
678.487
655.561
632.646
625.891
620.497
610.997
593.135
575.713
565.876
557.898
551.647
550.908
550.908
550.908
550.908
550.798
547.868
540.924
536.815
536.312
526.715
512.176
506.212
501.432
491.275
487.664
482.958
480.559
478.828
477.476
466.523
458.707
455.789
452.279
445.389
443.388
443.388
443.388
443.369
442.855
441.794
441.641
441.641
441.641
441.641
441.64
441.593
440.813
437.077
435.043
430.421
424.176
423.517
423.517
423.517
423.517
423.517
423.477
422.302
421.694
421.443
419.522
415.478
414.258
414.163
414.163
414.163
414.163
414.163
414.163
408.936
394.891
394.187
394.034
389.864
386.636
386.506
386.506
386.506
386.506
386.506
386.482
385.562
385.24
383.977
382.897
382.526
382.514
382.383
379.256
376.267
375.999
375.999
375.999
375.999
375.999
375.999
375.999
375.999
375.999
375.999
375.999
375.999
375.999
375.999
375.999
375.999
375.999
375.999
375.959
373.201
367.523
361.559
359.121
353.31
351.576
350.37
349.891
349.785
349.785
349.785
349.785
349.785
349.785
349.785
349.785
349.785
349.785
349.785
349.785
336.601
328.107
326.978
326.918
325.425
324.118
323.999
323.999
323.999
323.972
323.238
322.722
322.64
322.64
322.64
322.64
322.64
322.64
322.64
322.64
322.64
322.64
322.64
322.64
322.633
322.446
322.33
322.28
322.28
322.28
322.28
322.28
322.28
322.28
322.28
322.222
320.762
319.61
319.377
319.377
316.872
313.495
312.693
312.693
312.693
312.693
312.693
312.693
312.693
312.693
312.693
312.693
312.693
312.693
312.693
312.693
312.693
312.693
312.693
312.693
312.693
312.693
312.693
312.693
312.693
312.693
312.693
312.693
312.693
312.693
312.693
312.693
312.596
308.528
307.85
307.85
307.85
307.85
307.85
307.85
307.85
307.771
305.497
303.884
303.884
303.884
303.884
303.884
303.884
303.884
303.884
303.884
303.884
303.884
303.884
303.884
303.884
303.884
303.884
303.884
300.597
296.696
296.237
296.237
296.237
296.237
296.237
296.237
296.237
296.237
296.237
296.237
296.237
296.159
293.572
292.576
292.353
292.353
292.353
292.353
291.51
288.408
288.157
288.157
288.157
288.157
288.157
288.157
288.157
288.157
288.157
288.157
288.157
288.157
288.157
288.157
288.157
288.157
288.157
288.157
288.157
288.157
288.157
288.157
288.157
288.157
288.157
288.157
288.157
288.157
288.157
288.157
288.157
288.157
288.157
288.157
288.157
288.157
288.157
288.157
288.157
288.157
288.157
288.157
288.157
288.157
288.157
288.157
288.157
288.157
288.157
288.157
288.157
288.157
288.157
288.157
288.157
288.157
288.157
288.157
288.157
288.157
288.157
288.157
288.157
288.157
288.157
288.157
288.157
288.157
288.157
288.157
288.157
288.157
288.157
288.157
288.157
288.157
288.157
288.157
288.157
288.157
288.157
288.157
288.157
288.157
288.157
288.157
288.157
288.157
288.157
288.157
288.157
288.157
288.157
288.157
288.157
288.157
288.157
288.157
285.944
283.804
283.275
283.275
283.275
283.275
283.275
283.275
283.275
283.275
283.275
283.275
283.275
283.275
283.275
283.275
283.275
283.275
283.275
283.275
283.275
283.275
283.275
283.275
283.275
283.275
283.275
283.275
283.275
283.275
283.275
283.275
283.275
283.275
283.275
283.275
283.275
283.275
283.275
283.275
283.275
283.275
283.275
283.275
283.275
283.275
283.275
283.275
283.275
283.275
283.275
283.275
283.275
283.275
283.275
283.275
283.275
283.275
283.275
283.275
282.299
281.88
281.88
281.88
281.88
281.88
281.88
281.88
281.88
281.88
281.88
281.88
281.88
281.88
281.88
281.88
281.88
281.88
281.88
281.88
281.88
281.88
281.88
281.88
281.88
281.88
281.88
281.88
281.88
281.88
281.88
281.88
281.88
281.88
281.88
281.88
281.88
281.88
281.88
281.88
281.88
281.88
281.88
281.88
281.88
281.88
281.88
281.88
281.88
281.88
281.88
281.88
281.88
281.88
281.88
281.88
281.88
281.88
281.88
281.88
281.88
281.88
281.88
281.88
281.88
281.88
281.88
281.88
281.88
281.88
281.88
281.88
281.88
281.88
281.88
281.88
281.88
281.88
281.88
281.88
281.88
281.88
281.88
281.88
281.88
281.88
281.88
281.88
281.88
281.88
281.88
281.88
281.88
281.88
281.88
281.88
281.88
281.88
281.88
281.88
281.88
281.88
281.88
281.88
281.88
281.88
281.88
281.88
281.88
281.88
281.88
281.88
281.88
281.88
281.88
281.88
281.88
281.88
281.88
281.88
281.88
281.88
281.88
281.88
281.88
281.88
281.88
281.88
281.88
281.88
281.88
281.88
281.88
281.88
281.88
281.88
281.88
281.88
281.88
281.88
281.88
281.88
281.88
281.88
281.88
281.88
281.88
281.88
281.88
281.88
281.88
281.88
281.88
281.88
281.88
281.88
281.88
281.88
281.88
281.88
281.88
281.88
281.88
281.88
281.88
281.88
281.88
281.88
281.88
281.88
281.88
281.88
281.88
281.88
281.88
281.88
281.88
281.88
281.88
281.88
281.88
281.88
281.88
281.88
281.88
281.88
281.88
281.88
281.88
281.88
281.88
281.88
281.88
281.88
281.88
281.88
281.88
281.88
281.88
281.88
281.88
281.88
281.88
281.88
281.88
281.88
281.88
281.88
281.88
281.88
281.88
281.88
281.88
281.88
281.88
281.88
281.88
281.88
281.88
281.88
281.88
281.88
281.88
281.88
281.88
281.88
281.88
281.88
281.88
281.88
281.88
281.88
281.88
281.88
281.88
281.88
281.88
281.88
281.88
281.88
281.88
281.88
281.88
281.88
281.88
281.88
281.88
281.88
281.88
281.88
281.88
281.88
281.88
281.88
281.88
281.88
281.88
281.88
281.88
281.88
281.88
281.88
281.88
281.88
281.88
281.88
281.88
281.88
281.88
281.88
281.88
281.88
281.88
281.88
281.88
281.88
281.88
281.88
281.88
281.88
281.88
281.88
281.88
281.88
281.88
281.88
281.88
281.88
281.88
281.88
281.88
281.88
281.88
281.88
281.88
281.88
281.88
281.88
281.88
281.88
281.88
281.88
281.88
281.88
281.88
281.88
281.88
281.88
281.88
281.88
281.88
281.88
281.88
281.88
281.88
281.88
281.88
281.88
281.88
281.88
281.88
281.88
281.88
281.88
281.88
281.88
281.88
281.88
281.88
281.88
281.88
281.88
281.88
281.88
281.88
281.88
281.88
281.88
281.88
281.88
281.88
281.88
281.88
281.88
281.88
281.88
281.88
281.88
281.88
281.88
281.88
281.88
281.88
281.88
281.88
281.88
281.88
281.88
281.88
281.88
281.88
281.88
281.88
281.88
281.88
281.88
281.88
281.88
281.88
281.88
281.88
281.88
281.88
281.88
281.88
281.88
281.88
281.88
281.88
281.88
281.88
281.88
281.88
281.88
281.88
281.88
281.88
281.88
281.88
281.88
281.88
281.88
281.88
281.88
281.88
281.88
281.88
281.88
281.88
281.88
281.88
281.88
281.88
281.88
281.88
281.88
281.88
281.88
281.88
281.88
281.88
281.88
281.88
281.88
281.88
281.88
281.88
281.88
281.88
281.88
281.88
281.88
281.88
281.88
281.88
281.88
281.88
281.88
281.88
281.88
281.88
281.88
281.88
281.88
281.88
281.88
281.88
281.88
281.88
281.88
281.88
281.88
281.88
281.88
281.88
281.88
281.88
281.88
281.88
281.88
281.88
281.88
281.88
281.88
281.88
281.88
281.88
281.88
281.88
281.88
281.88
281.88
281.88
281.88
281.88
281.88
281.88
281.88
281.88
281.88
281.88
281.88
281.88
281.88
281.88
281.88
281.88
281.88
281.88
281.88
281.88
281.88
281.88
281.88
281.88
281.88
281.88
281.88
281.88
281.88
281.88
281.88
281.88
281.88
281.88
281.88
281.88
281.88
281.88
281.88
281.88
281.88
281.88
281.88
281.88
281.88
281.88
281.88
281.88
281.88
281.88
281.88
281.88
281.88
281.88
281.88
281.88
281.88
281.88
281.88
281.88
281.88
281.88
281.88
281.88
281.88
281.88
281.88
281.88
281.88
281.88
281.88
281.88
281.88
281.88
281.88
281.88
281.88
281.88
281.88
281.88
281.88
281.88
281.88
281.88
281.88
281.88
281.88
281.88
281.88
281.88
281.88
281.88
281.88
281.88
281.88
281.88
281.88
281.88
281.88
281.88
281.88
281.88
281.88
281.88
281.88
281.88
281.88
281.88
281.88
281.88
281.88
281.88
281.88
281.88
281.88
281.88
281.88
281.88
281.88
281.88
281.88
281.88
281.88
281.88
281.88
281.88
281.88
281.88
281.88
281.88
281.88
281.88
281.88
281.88
281.88
281.88
281.88
281.88
281.88
281.88
281.88
281.88
281.88
281.88
281.88
281.88
281.88
281.88
281.88
281.88
281.88
281.88
281.88
281.88
281.88
281.88
281.88
281.88
281.88
281.88
281.88
281.88
281.88
281.88
281.88
281.88
281.88
281.88
281.88
281.88
281.88
281.88
281.88
281.88
281.88
281.88
281.88
281.88
281.88
281.88
281.88
281.88
281.88
281.88
281.88
281.88
281.88
281.88
281.88
281.88
281.88
281.88
281.88
281.88
281.88
281.88
281.88
281.88
281.88
281.88
281.88
281.88
281.88
281.88
281.88
281.88
281.88
281.88
281.88
281.88
281.88
281.88
281.88
281.88
281.88
281.88
281.88
281.88
281.88
281.88
281.88
281.88
281.88
281.88
281.88
281.88
281.88
281.88
281.88
281.88
281.88
281.88
281.88
281.88
281.88
281.88
281.88
281.88
281.88
281.88
281.88
281.88
281.88
281.88
281.88
281.88
281.88
281.88
281.88
281.88
281.88
281.88
281.88
281.88
281.88
281.88
281.88
281.88
281.88
281.754
281.671
281.671
281.671
281.671
281.671
281.671
281.671
281.671
281.671
281.671
281.671
281.671
281.671
281.671
281.671
281.671
281.671
281.671
281.671
281.671
281.671
281.671
281.671
281.671
281.671
281.671
281.671
281.671
281.671
281.671
281.671
281.671
281.671
281.671
281.671
281.671
281.671
281.671
281.671
281.671
281.671
281.671
281.671
281.671
281.671
281.671
281.671
281.671
281.671
281.671
281.671
281.671
281.671
281.671
281.671
281.671
281.671
281.671
281.671
281.671
281.671
281.671
281.671
281.671
281.671
281.671
281.671
281.671
281.671
281.671
281.671
281.671
281.671
281.671
281.671
281.671
281.671
281.671
281.671
281.671
281.671
281.671
281.671
281.671
281.671
281.671
281.671
281.671
281.671
281.671
281.671
281.671
281.671
281.671
281.671
281.671
281.671
281.671
281.671
281.671
281.671
281.671
281.671
281.671
281.671
281.671
281.671
281.671
281.671
281.671
281.671
281.671
281.671
281.671
281.671
281.671
281.671
281.671
281.671
281.671
281.671
281.671
281.671
281.671
281.671
281.671
281.671
281.671
281.671
281.671
281.671
281.671
281.671
281.671
281.671
281.671
281.671
281.671
281.671
281.671
281.671
281.671
281.671
281.671
281.671
281.671
281.671
281.671
281.671
281.671
281.671
281.671
281.671
281.671
281.671
281.671
281.671
281.671
281.671
281.671
281.671
281.671
281.671
281.671
281.671
281.671
281.671
281.671
281.671
281.671
281.671
281.671
281.671
281.671
281.671
281.671
281.671
281.671
281.671
281.671
281.671
281.671
281.671
281.671
281.671
281.671
281.671
281.671
281.671
281.671
281.671
281.671
281.671
281.671
281.671
281.671
281.671
281.671
281.671
281.671
281.671
281.671
281.671
281.671
281.671
281.671
281.671
281.671
281.671
281.671
281.671
281.671
281.671
281.671
281.671
281.671
281.671
281.671
281.671
281.671
281.671
281.671
281.671
281.671
281.671
281.671
281.671
281.671
281.671
281.671
281.671
281.671
281.671
281.671
281.671
281.671
281.671
281.671
281.671
281.671
281.671
281.671
281.671
281.671
281.671
281.671
281.671
281.671
281.671
281.671
281.671
281.671
281.671
281.671
281.671
281.671
281.671
281.671
281.671
281.671
281.671
281.671
281.671
281.671
281.671
281.671
281.671
281.671
281.671
281.671
281.671
281.671
281.671
281.671
281.671
281.671
281.671
281.671
281.671
281.671
281.671
281.671
281.671
281.671
281.671
281.671
281.671
281.671
281.671
281.671
281.671
281.671
281.671
281.671
281.671
281.671
281.671
281.671
281.671
281.671
281.671
281.671
281.671
281.671
281.671
281.671
281.671
281.671
281.671
281.671
281.671
281.671
281.671
281.671
281.671
281.671
281.671
281.671
281.671
281.671
281.671
281.671
281.671
281.671
281.671
281.671
281.671
281.671
281.671
281.671
281.671
281.671
281.671
281.671
281.671
281.671
281.671
281.671
281.671
281.671
281.671
281.671
281.671
281.671
281.671
281.671
281.671
281.671
281.671
281.671
281.671
281.671
281.671
281.671
281.671
281.671
281.671
281.671
281.671
281.671
281.671
281.671
281.671
281.671
281.671
281.671
281.671
281.671
281.671
281.671
281.671
281.671
281.671
281.671
281.671
281.671
281.671
281.671
281.671
281.671
281.671
281.671
281.671
281.671
281.671
281.671
281.671
281.671
281.671
281.671
281.671
281.671
281.671
281.671
281.671
281.671
281.671
281.671
281.671
281.671
281.671
281.671
281.671
281.671
281.671
281.671
281.671
281.671
281.671
281.671
281.671
281.671
281.671
281.671
281.671
281.671
281.671
281.671
281.671
281.671
281.671
281.671
281.671
281.671
281.671
281.671
281.671
281.671
281.671
281.671
281.671
281.671
281.671
281.671
281.671
281.671
281.671
281.671
281.671
281.671
281.671
281.671
281.671
281.671
281.671
281.671
281.671
281.671
281.671
281.671
281.671
281.671
281.671
281.671
281.671
281.671
281.671
281.671
281.671
281.671
281.671
281.671
281.671
281.671
281.671
281.671
281.671
281.671
281.671
281.671
281.671
281.671
281.671
281.671
281.671
281.671
281.671
281.671
281.671
281.671
281.671
281.671
281.671
281.671
281.671
281.671
281.671
281.671
281.671
281.671
281.671
281.671
281.671
281.671
281.671
281.671
281.671
281.671
281.671
281.671
281.671
281.671
281.671
281.671
281.671
281.671
281.671
281.671
281.671
281.671
281.671
281.671
281.671
281.671
281.671
281.671
281.671
281.671
281.671
281.671
281.671
281.671
281.671
281.671
281.671
281.671
281.671
281.671
281.671
281.671
281.671
281.671
281.671
281.671
281.671
281.671
281.671
281.671
281.671
281.671
281.671
281.671
281.671
281.671
281.671
281.671
281.671
281.671
281.671
281.671
281.671
281.671
281.671
281.671
281.671
281.671
281.671
281.671
281.671
281.671
281.671
281.671
281.671
281.671
281.671
281.671
281.671
281.671
281.671
281.671
281.671
281.671
281.671
281.671
281.671
281.671
281.671
281.671
281.671
281.671
281.671
281.671
281.671
281.671
281.671
281.671
281.671
281.671
281.671
281.671
281.671
281.671
281.671
281.671
281.671
281.671
281.671
281.671
281.671
281.671
281.671
281.671
281.671
281.671
281.671
281.671
281.671
281.671
281.671
281.671
281.671
281.671
281.671
281.671
281.671
281.671
281.671
281.671
281.671
281.671
281.671
281.671
281.671
281.671
281.671
281.671
281.671
281.671
281.671
281.671
281.671
281.671
281.671
281.671
281.671
281.671
281.671
281.671
281.671
281.671
281.671
281.671
281.671
281.671
281.671
281.671
281.671
281.671
281.671
281.671
281.671
281.671
281.671
281.671
281.671
281.671
281.671
281.671
281.671
281.671
281.671
281.671
281.671
281.671
281.671
281.671
281.671
281.671
281.671
281.671
281.671
281.671
281.671
281.671
281.671
281.671
281.671
281.671
281.671
281.671
281.671
281.671
281.671
281.671
281.671
281.671
281.671
281.671
281.671
281.671
281.671
281.671
281.671
281.671
281.671
281.671
281.671
281.671
281.671
281.671
281.671
281.671
281.671
281.671
281.671
281.671
281.671
281.671
281.671
281.671
281.671
281.671
281.671
281.671
281.671
281.671
281.671
281.671
281.671
281.671
281.671
281.671
281.671
281.671
281.671
281.671
281.671
281.671
281.671
281.671
281.671
281.671
281.671
281.671
281.671
281.671
281.671
281.671
281.671
281.671
281.671
281.671
281.671
281.671
281.671
281.671
281.671
281.671
281.671
281.671
281.671
281.671
281.671
281.671
281.671
281.671
281.671
281.671
281.671
281.671
281.671
281.671
281.671
281.671
281.671
281.671
281.671
281.671
281.671
281.671
281.671
281.671
281.671
281.671
281.671
281.671
281.671
281.671
281.671
281.671
281.671
281.671
281.671
281.671
281.671
281.671
281.671
281.671
281.671
281.671
281.671
281.671
281.671
281.671
281.671
281.671
281.671
281.671
281.671
281.671
281.671
281.671
281.671
281.671
281.671
281.671
281.671
281.671
281.671
281.671
281.671
281.671
281.671
281.671
281.671
281.671
281.671
281.671
281.671
281.671
281.671
281.671
281.671
281.671
281.671
281.671
281.671
281.671
281.671
281.671
281.671
281.671
281.671
281.671
281.671
281.671
281.671
281.671
281.671
281.671
281.671
281.671
281.671
281.671
281.671
281.671
281.671
281.671
281.671
281.671
281.671
281.671
281.671
281.671
281.671
281.671
281.671
281.671
