1022.47
945.837
940.587
928.773
893.574
875.2
854.517
849.219
843.132
837.153
815.968
803.944
793.627
780.487
775.55
772.579
763.62
736.246
724.619
716.323
710.67
706.746
706.257
699.031
695.607
693.538
688.849
685.272
650.112
623.456
621.903
618.018
614.295
592.321
584.428
584.382
583.157
582.25
581.864
575.005
571.289
568.297
566.445
564.281
555.891
552.027
552.024
551.949
551.874
551.385
551.084
548.342
534.268
527.269
527.269
527.269
527.269
527.269
527.269
527.269
527.222
522.168
520.685
520.254
518.578
517.44
516.944
509.962
505.089
498.191
494.509
494.496
494.138
492.994
492.616
489.993
487.673
487.673
487.3
475.799
469.047
464.863
461.012
460.828
460.287
459.906
459.842
459.738
459.16
458.991
458.991
458.991
458.887
456.623
454.333
453.816
453.816
453.816
453.816
453.816
453.816
438.524
429.528
429.528
429.528
429.528
429.528
429.528
429.528
429.528
429.528
429.528
429.478
428.227
427.176
427.025
427.025
427.025
427.025
427.025
427.025
412.058
396.962
393.01
393.01
392.992
392.338
387.296
384.803
384.774
383.91
383.373
383.373
383.373
383.373
383.373
383.373
383.373
383.373
383.373
383.373
383.373
383.373
383.373
383.373
383.373
383.328
382.35
381.327
381.15
381.15
381.15
381.15
381.15
381.124
380.409
379.872
379.872
379.872
379.872
379.872
379.872
379.787
377.235
376.014
375.619
375.619
375.619
375.619
375.619
375.619
375.619
375.552
373.89
372.427
372.294
372.294
372.263
371.574
370.823
370.729
370.729
370.729
370.675
368.844
368.011
367.479
366.895
366.769
366.769
366.769
366.756
366.353
366.138
366.138
366.138
366.138
366.138
366.138
366.138
366.138
366.046
363.269
361.526
361.482
360.125
359.337
359.337
359.337
359.337
359.337
359.337
359.337
359.337
359.337
359.337
359.337
359.337
359.337
359.337
359.337
351.143
346.649
346.12
346.12
346.12
346.008
343.422
340.816
340.498
340.498
340.498
340.498
340.498
340.493
340.271
340.228
340.228
340.228
340.228
340.228
338.292
337.381
337.381
337.381
337.381
337.381
337.381
337.381
337.381
337.381
337.381
337.381
337.381
337.381
337.303
334.646
333.474
333.474
333.474
333.474
333.474
333.474
333.474
333.474
333.468
333.295
333.154
333.154
333.154
333.154
333.154
333.154
333.154
333.154
333.154
333.154
333.154
333.154
333.154
333.154
331.848
330.743
330.643
330.643
330.62
329.75
329.527
329.527
329.527
329.527
329.527
329.527
329.481
328.46
327.3
327.207
327.207
327.207
327.173
326.327
325.652
325.514
325.383
321.059
318.962
318.962
318.962
318.962
318.962
318.962
318.962
318.962
318.962
318.962
318.962
318.962
318.962
318.962
318.962
318.962
318.962
318.962
318.962
318.962
318.962
318.962
318.962
318.962
318.962
318.962
318.962
318.962
318.962
318.962
318.962
318.962
318.962
318.962
318.962
318.962
313.545
310.996
310.996
310.996
310.996
310.996
310.996
310.989
310.744
310.655
310.655
310.655
310.655
310.655
310.655
310.655
310.655
310.655
310.655
310.655
310.655
310.655
310.655
310.655
310.521
306.046
304.033
303.944
303.944
303.944
303.934
303.707
303.46
303.429
303.355
300.841
299.732
299.732
299.732
299.732
299.732
299.732
299.732
299.732
299.732
299.732
299.732
299.732
299.732
299.732
299.732
299.732
299.732
299.732
299.732
299.732
299.732
299.732
299.732
299.732
299.732
299.732
299.732
299.732
299.732
299.732
299.732
299.732
299.732
299.732
299.732
299.732
299.732
299.732
299.732
299.732
299.732
299.732
299.732
299.732
299.732
299.732
299.732
299.665
296.722
296.387
296.387
296.387
296.387
296.387
296.387
296.387
296.387
296.387
296.387
296.387
296.387
296.253
292.458
290.061
289.657
289.657
289.657
289.657
289.657
289.657
289.657
289.657
289.657
289.657
289.657
289.657
289.657
289.657
289.657
289.657
289.657
289.657
289.657
289.657
289.657
289.657
289.657
289.657
289.657
289.657
289.657
289.657
289.657
289.657
289.657
289.657
289.657
289.657
289.657
289.657
289.657
289.657
289.657
289.657
289.113
288.742
288.568
288.568
288.568
288.568
288.568
288.568
288.568
288.568
288.568
288.568
288.568
288.568
288.568
288.568
288.568
288.568
288.568
288.568
287.651
286.839
286.804
286.804
286.804
286.804
286.804
286.804
286.804
286.804
286.804
286.804
286.804
286.804
286.804
286.804
286.804
286.804
286.804
286.804
286.804
286.804
286.804
286.804
286.804
286.804
286.804
286.804
286.804
286.804
286.804
286.804
286.804
286.804
286.804
286.804
286.804
286.804
286.804
286.804
286.804
286.804
286.804
286.804
286.804
286.804
286.804
286.804
286.804
286.804
286.804
286.804
286.804
286.804
286.804
286.804
286.804
286.804
286.804
286.804
286.061
285.438
285.319
285.319
285.319
285.319
285.319
285.319
285.319
285.319
285.319
285.319
285.319
285.319
285.319
285.319
285.319
285.319
285.319
285.319
285.319
285.319
285.319
285.319
285.319
285.319
285.319
285.319
285.319
285.319
285.319
285.319
285.319
285.319
285.319
285.319
285.319
285.319
285.319
285.319
284.275
283.472
283.311
283.311
283.311
283.311
283.311
283.311
283.311
283.311
283.311
283.311
283.311
283.311
283.311
283.311
283.311
283.311
283.311
283.311
283.311
283.311
283.311
283.311
283.311
283.311
283.311
283.311
283.311
283.311
283.311
283.311
283.311
283.311
283.311
283.311
283.311
283.311
283.311
283.311
283.287
283.27
283.266
283.266
283.266
283.266
283.266
283.266
283.266
283.266
283.266
283.266
283.266
283.266
283.266
283.266
283.266
283.266
283.266
283.266
283.266
283.266
283.266
283.266
283.266
283.266
283.266
283.266
283.266
283.266
283.266
283.266
283.266
283.266
283.266
283.266
283.266
283.266
283.266
283.266
283.266
283.266
283.266
283.266
283.266
283.266
283.266
283.266
283.266
283.266
283.266
283.266
283.266
283.266
283.266
283.266
283.266
283.266
283.266
283.266
283.266
283.266
283.266
283.266
283.266
283.266
283.266
283.266
283.266
283.266
283.266
283.266
283.266
283.266
283.266
283.266
283.266
283.266
283.266
283.266
283.266
283.266
283.266
283.266
283.266
283.266
283.266
283.266
283.266
283.266
283.266
283.266
283.266
283.266
283.266
283.266
283.266
283.266
283.266
283.266
283.266
283.266
283.266
283.266
283.266
283.266
283.266
283.266
283.266
283.266
283.266
283.266
283.266
283.266
283.266
283.266
283.266
283.266
283.266
283.266
283.266
283.266
283.266
283.266
283.266
283.266
283.266
283.266
283.266
283.266
283.266
283.266
283.266
283.266
283.266
283.266
283.266
283.266
283.266
283.266
282.784
282.543
282.463
282.463
282.463
282.452
282.124
281.898
281.898
281.898
281.898
281.898
281.898
281.898
281.898
281.898
281.898
281.898
281.898
281.898
281.72
281.658
281.658
281.658
281.658
281.658
281.658
281.658
281.658
281.658
281.658
281.658
281.658
281.658
281.658
281.658
281.658
281.658
281.658
281.658
281.658
281.658
281.658
281.658
281.658
281.658
281.658
281.658
281.658
281.658
281.658
281.658
281.658
281.658
281.658
281.658
281.658
281.658
281.658
281.658
281.658
281.658
281.658
281.658
281.658
281.658
281.658
281.658
281.658
281.658
281.658
281.658
281.658
281.658
281.658
281.658
281.658
281.658
281.658
281.658
281.658
281.658
281.658
281.658
281.658
281.658
281.658
281.658
281.658
281.658
281.658
281.658
281.658
281.658
281.658
281.658
281.658
281.658
281.658
281.658
281.658
281.658
281.658
281.658
281.658
281.658
281.658
281.658
281.658
281.658
281.658
281.658
281.658
281.658
281.658
281.658
281.658
281.658
281.658
281.658
281.627
281.611
281.605
281.605
281.605
281.605
281.605
281.605
281.605
281.605
281.605
281.605
281.605
281.605
281.605
281.605
281.605
281.605
281.605
281.605
281.605
281.605
281.605
281.605
281.605
281.605
281.605
281.605
281.605
281.605
281.605
281.605
281.605
281.605
281.605
281.605
281.605
281.605
281.605
281.605
281.605
281.605
281.605
281.605
281.605
281.605
281.605
281.605
281.605
281.605
281.605
281.605
281.605
281.605
281.605
281.605
281.605
281.605
281.605
281.605
281.605
281.605
281.605
281.605
281.605
281.605
281.605
281.605
281.605
281.605
281.605
281.605
281.605
281.605
281.605
281.605
281.605
281.605
281.605
281.605
281.605
281.605
281.605
281.605
281.605
281.605
281.605
281.605
281.605
281.605
281.605
281.605
281.605
281.605
281.605
281.605
281.605
281.605
281.605
281.605
281.605
281.605
281.605
281.605
281.605
281.605
281.605
281.605
281.605
281.605
281.605
281.605
281.605
281.605
281.605
281.605
281.605
281.605
281.605
281.605
280.904
280.631
280.631
280.631
280.631
280.631
280.631
280.631
280.631
280.631
280.631
280.631
280.631
280.631
280.631
280.631
280.631
280.631
280.631
280.631
280.631
280.631
280.631
280.631
280.631
280.631
280.631
280.631
280.631
280.631
280.631
280.631
280.631
280.631
280.631
280.631
280.631
280.631
280.631
280.631
280.631
280.631
280.631
280.631
280.631
280.631
280.631
280.631
280.631
280.631
280.631
280.631
280.631
280.631
280.631
280.631
280.631
280.631
280.631
280.631
280.631
280.631
280.631
280.631
280.631
280.631
280.631
280.631
280.631
280.631
280.631
280.631
280.631
280.631
280.631
280.631
280.631
280.631
280.631
280.631
280.631
280.631
280.631
280.631
280.631
280.631
280.631
280.631
280.631
280.631
280.631
280.631
280.631
280.631
280.631
280.631
280.631
280.631
280.631
280.631
280.631
280.631
280.631
280.631
280.631
280.631
280.631
280.631
280.631
280.631
280.631
280.631
280.631
280.631
280.631
280.631
280.631
280.631
280.631
280.631
280.631
280.631
280.631
280.631
280.631
280.631
280.631
280.631
280.631
280.631
280.631
280.631
280.631
280.631
280.631
280.631
280.631
280.631
280.631
280.631
280.631
280.631
280.631
280.631
280.631
280.631
280.631
280.631
280.631
280.631
280.631
280.631
280.631
280.631
280.631
280.631
280.631
280.631
280.631
280.631
280.631
280.631
280.631
280.631
280.631
280.631
280.631
280.631
280.631
280.631
280.631
280.631
280.631
280.631
280.631
280.631
280.631
280.631
280.631
280.631
280.631
280.631
280.631
280.631
280.631
280.631
280.631
280.631
280.631
280.631
280.631
280.631
280.631
280.631
280.631
280.631
280.631
280.631
280.631
280.631
280.631
280.631
280.631
280.631
280.631
280.631
280.631
280.631
280.631
280.631
280.631
280.631
280.631
280.631
280.631
280.631
280.631
280.631
280.631
280.631
280.631
280.631
280.631
280.631
280.631
280.631
280.631
280.631
280.631
280.631
280.631
280.631
280.631
280.631
280.631
280.631
280.631
280.631
280.631
280.631
280.631
280.631
280.631
280.631
280.631
280.631
280.631
280.631
280.631
280.631
280.631
280.631
280.631
280.631
280.631
280.631
280.631
280.631
280.631
280.631
280.631
280.631
280.631
280.631
280.631
280.631
280.631
280.631
280.631
280.631
280.631
280.631
280.631
280.631
280.631
280.631
280.631
280.631
280.631
280.631
280.631
280.631
280.631
280.631
280.631
280.631
280.631
280.631
280.631
280.631
280.631
280.631
280.631
280.631
280.631
280.631
280.631
280.631
280.631
280.631
280.631
280.631
280.631
280.631
280.631
280.631
280.631
280.631
280.631
280.631
280.631
280.631
280.631
280.631
280.631
280.631
280.631
280.631
280.631
280.631
280.631
280.631
280.631
280.631
280.631
280.631
280.631
280.631
280.631
280.631
280.631
280.631
280.631
280.631
280.631
280.631
280.631
280.631
280.631
280.631
280.631
280.631
280.631
280.631
280.631
280.631
280.631
280.631
280.631
280.631
280.631
280.631
280.631
280.631
280.631
280.631
280.631
280.631
280.631
280.631
280.631
280.631
280.631
280.631
280.631
280.631
280.631
280.631
280.631
280.631
280.631
280.631
280.631
280.631
280.631
280.631
280.631
280.631
280.631
280.631
280.631
280.631
280.631
280.631
280.631
280.631
280.631
280.631
280.631
280.631
280.631
280.631
280.631
280.631
280.631
280.631
280.631
280.631
280.631
280.631
280.631
280.631
280.631
280.631
280.631
280.631
280.631
280.631
280.631
280.631
280.631
280.631
280.631
280.631
280.631
280.631
280.631
280.631
280.631
280.631
280.631
280.631
280.631
280.631
280.631
280.631
280.631
280.631
280.631
280.631
280.631
280.631
280.631
280.631
280.631
280.631
280.631
280.631
280.631
280.631
280.631
280.631
280.631
280.631
280.631
280.631
280.631
280.631
280.631
280.631
280.631
280.631
280.631
280.631
280.631
280.631
280.631
280.631
280.631
280.631
280.631
280.631
280.631
280.631
280.631
280.631
280.631
280.631
280.631
280.631
280.631
280.631
280.631
280.631
280.631
280.631
280.631
280.631
280.631
280.631
280.631
280.631
280.631
280.631
280.631
280.631
280.631
280.631
280.631
280.631
280.631
280.631
280.631
280.631
280.631
280.631
280.631
280.631
280.631
280.631
279.41
278.835
278.835
278.835
278.835
278.835
278.835
278.835
278.835
278.835
278.835
278.835
278.835
278.835
278.835
278.835
278.835
278.835
278.835
278.835
278.835
278.835
278.835
278.835
278.835
278.835
278.835
278.835
278.835
278.835
278.835
278.835
278.835
278.835
278.835
278.835
278.835
278.835
278.835
278.835
278.835
278.835
278.835
278.835
278.835
278.835
278.835
278.835
278.835
278.835
278.835
278.835
278.835
278.835
278.835
278.835
278.835
278.835
278.835
278.835
278.835
278.835
278.835
278.835
278.835
278.835
278.835
278.835
278.835
278.835
278.835
278.835
278.835
278.835
278.835
278.835
278.835
278.835
278.835
278.835
278.379
278.1
278.1
278.1
278.1
278.1
278.1
278.1
278.1
278.1
278.1
278.1
278.1
278.1
278.1
278.1
278.1
278.1
278.1
278.1
278.1
278.1
278.1
278.1
278.1
278.1
278.1
278.1
278.1
278.1
278.1
278.1
278.1
278.1
278.1
278.1
278.1
278.1
278.1
278.1
278.1
278.1
278.1
278.1
278.1
278.1
278.1
278.1
278.1
278.1
278.1
278.1
278.1
278.1
278.1
278.1
278.1
278.1
278.1
278.1
278.1
278.1
278.1
278.1
278.1
278.1
278.1
278.1
278.1
278.1
278.1
278.1
278.1
278.1
278.1
278.1
278.1
278.1
278.1
278.1
278.1
278.1
278.1
278.1
278.1
278.1
278.1
278.1
278.1
278.1
278.1
278.1
278.1
278.1
278.1
278.1
278.1
278.1
278.1
278.1
278.1
278.1
278.1
278.1
278.1
278.1
278.1
278.1
278.1
278.1
278.1
278.1
278.1
278.1
278.1
278.1
278.1
278.1
278.1
278.1
278.1
278.1
278.1
278.1
278.1
278.1
278.1
278.1
278.1
278.1
278.1
278.1
278.1
278.1
278.1
278.1
278.1
278.1
278.1
278.1
278.1
278.1
278.1
278.1
278.1
278.1
278.1
278.1
278.1
278.1
278.1
278.1
278.1
278.1
278.1
278.1
278.1
278.1
278.1
278.1
278.1
278.1
278.1
278.1
278.1
278.1
278.1
278.1
278.1
278.1
278.1
278.1
278.1
278.1
278.1
278.1
278.1
278.1
278.1
278.1
278.1
278.1
278.1
278.1
278.1
278.1
278.1
278.1
278.1
278.1
278.1
278.1
278.1
278.1
278.1
278.1
278.1
278.1
278.1
278.1
278.1
278.1
278.1
278.1
278.1
278.1
278.1
278.1
278.1
278.1
278.1
278.1
278.1
278.1
278.1
278.1
278.1
278.1
278.1
278.1
278.1
278.1
278.1
278.1
278.1
278.1
278.1
278.1
278.1
278.1
278.1
278.1
278.1
278.1
278.1
278.1
278.1
278.1
278.1
278.1
278.1
278.1
278.1
278.1
278.1
278.1
278.1
278.1
278.1
278.1
278.1
278.1
278.1
278.1
278.1
278.1
278.1
278.1
278.1
278.1
278.1
278.1
278.1
278.1
278.1
278.1
278.1
278.1
278.1
278.1
278.1
278.1
278.1
278.1
278.1
278.1
278.1
278.1
278.1
278.1
278.1
278.1
278.1
278.1
278.1
278.1
278.1
278.1
278.1
278.1
278.1
278.1
278.1
278.1
278.1
278.1
278.1
278.1
278.1
278.1
278.1
278.1
278.1
278.1
278.1
278.1
278.1
278.1
278.1
278.1
278.1
278.1
278.1
278.1
278.1
278.1
278.1
278.1
278.1
278.1
278.1
278.1
278.1
278.1
278.1
278.1
278.1
278.1
278.1
278.1
278.1
278.1
278.1
278.1
278.1
278.1
278.1
278.1
278.1
278.1
278.1
278.1
278.1
278.1
278.1
278.1
278.1
278.1
278.1
278.1
278.1
278.1
278.1
278.1
278.1
278.1
278.1
278.1
278.1
278.1
278.1
278.1
278.1
278.1
278.1
278.1
278.1
278.1
278.1
278.1
278.1
278.1
278.1
278.1
278.1
278.1
278.1
278.1
278.1
278.1
278.1
278.1
278.1
278.1
278.1
278.1
278.1
278.1
278.1
278.1
278.1
278.1
278.1
278.1
278.1
278.1
278.1
278.1
278.1
