966.018
885.283
862.035
856.842
856.539
850.077
812.779
784.52
780.137
779.965
777.339
772.198
767.044
759.537
753.93
753.722
747.401
743.307
736.989
732.875
703.465
688.121
687.755
677.626
672.263
672.263
672.263
671.898
663.378
660.197
660.132
658.058
656.954
656.814
653.036
650.287
648.545
639.571
635.353
635.14
634.836
634.731
632.687
627.211
625.588
625.181
617.126
607.222
606.881
606.881
606.864
606.361
606.006
605.391
596.056
594.017
592.084
576.406
569.532
567.152
565.769
565.769
565.54
559.458
554.378
547.099
542.278
540.879
540.879
540.879
540.84
539.2
538.927
538.927
538.925
538.855
538.825
538.824
538.661
534.405
531.217
531.164
529.662
528.392
523.677
520.94
520.94
520.94
520.94
520.94
520.93
520.57
519.312
518.192
516.856
516.219
515.895
515.883
515.513
515.304
515.279
515.069
509.826
509.73
509.724
509.285
503.977
501.164
499.194
497.714
491.718
489.386
489.386
489.386
489.386
489.23
484.706
480.809
480.204
480.053
480.053
480.053
480.053
480.053
479.937
476.119
474.1
469.416
466.238
465.903
465.903
465.903
465.698
461.421
451.03
445.625
441.774
439.403
439.016
439.016
439.016
438.996
438.398
436.939
432.301
430.083
429.781
429.781
429.762
429.313
428.901
428.845
428.845
428.845
428.845
428.845
428.845
428.844
428.818
428.785
428.07
424.447
422.982
422.925
422.925
422.925
422.925
422.925
422.925
422.925
422.874
421.449
420.533
420.358
419.644
417.041
415.377
407.554
405.588
405.504
402.982
401.384
401.384
401.384
401.31
399.17
397.694
397.694
397.694
397.694
397.662
396.679
396.074
395.162
394.418
394.418
394.418
394.418
394.418
394.318
392.778
391.929
391.831
391.831
391.831
391.831
391.68
387.764
384.443
384.292
384.292
384.292
384.292
384.292
384.292
384.292
384.287
384.146
384.011
384.011
384.011
384.011
384.011
384.011
384.011
384.011
384.011
384.011
384.011
384.011
383.949
382.389
380.975
380.906
380.906
380.906
380.906
380.79
376.715
375.085
375.085
375.033
374.088
372.723
372.461
372.461
372.461
372.461
372.461
372.445
372.171
371.219
370.509
370.444
370.444
370.444
370.444
370.444
370.444
370.444
370.444
370.444
370.444
370.321
366.14
364.296
364.253
363.004
361.791
361.461
361.416
361.416
361.416
361.416
361.416
361.416
361.416
361.416
361.416
361.416
361.416
361.416
361.416
361.416
361.416
361.416
361.416
361.416
361.331
358.818
355.162
354.454
354.454
354.454
354.454
354.454
354.454
354.392
352.273
351.338
351.338
351.32
350.846
350.518
350.427
350.427
350.423
350.293
350.256
350.238
350.165
350.101
350.101
350.101
350.101
350.101
350.101
350.101
350.101
350.101
350.101
350.101
350.101
350.041
348.433
347.123
347.123
347.123
347.123
347.123
347.123
347.123
347.123
347.123
347.122
347.093
347.078
347.065
346.696
346.424
346.396
346.396
346.396
346.381
345.919
344.144
343.042
342.878
342.878
342.878
342.878
342.878
342.878
342.878
342.878
342.878
342.878
342.878
342.878
342.878
342.878
342.878
342.878
342.878
342.878
342.873
342.76
342.674
342.661
342.661
342.661
342.661
342.661
342.661
342.661
342.661
342.647
342.173
341.965
341.965
341.965
341.965
341.965
341.965
341.965
341.965
341.965
341.836
337.525
335.537
335.537
335.537
335.537
335.537
335.537
335.537
335.537
335.537
335.523
335.166
334.924
334.824
334.824
334.824
334.824
334.824
334.824
334.824
334.824
334.803
334.259
333.78
333.737
333.737
333.737
333.737
333.737
333.737
333.737
333.737
333.723
333.365
333.049
333.049
333.049
333.049
333.049
332.987
331.436
330.133
329.874
327.543
326.305
326.305
326.305
326.305
326.305
326.305
326.305
326.305
326.305
326.305
326.305
326.305
326.305
326.305
326.305
326.305
326.305
326.305
326.305
326.305
326.305
326.305
326.305
326.305
326.305
326.305
326.27
325.372
324.64
324.578
324.578
324.578
324.578
324.578
324.578
324.578
324.578
324.578
324.578
324.578
324.578
324.578
324.578
324.578
324.578
324.578
324.578
324.578
324.578
324.532
322.902
322.284
322.27
321.961
321.623
321.581
321.581
321.581
321.581
321.581
321.581
321.581
321.581
321.581
321.581
321.581
321.581
321.581
321.581
321.581
321.581
321.581
321.581
321.581
321.581
321.581
321.581
321.581
321.581
321.581
321.554
320.915
320.276
320.249
320.249
320.249
320.249
320.249
320.249
320.249
320.249
320.249
320.249
320.249
320.249
320.249
320.249
320.249
320.249
320.249
320.249
320.249
320.249
320.249
320.249
320.249
320.249
320.249
320.249
320.249
320.249
320.249
320.249
320.249
320.249
320.249
320.218
319.155
318.686
318.686
318.686
318.686
318.686
318.686
318.686
318.686
318.686
318.686
318.686
318.686
318.686
318.686
318.686
318.686
318.686
318.686
318.686
318.686
318.686
318.686
318.686
318.686
318.686
318.686
318.686
318.686
318.686
318.686
318.686
318.686
318.686
318.686
318.686
318.686
318.686
318.686
318.686
318.686
318.686
318.686
318.686
318.686
318.686
318.686
318.686
318.686
318.686
318.686
318.686
318.686
318.686
318.686
318.686
318.686
318.686
318.686
318.686
318.686
318.686
318.686
318.686
318.686
318.686
318.686
318.686
318.686
318.686
318.686
318.686
318.686
318.686
318.676
318.367
318.188
318.188
318.188
318.188
318.188
318.188
318.188
318.188
318.188
318.188
318.188
318.188
318.188
318.188
318.188
318.188
318.188
318.188
318.188
318.188
318.188
318.188
318.188
318.188
318.188
318.188
318.188
318.188
318.188
318.188
318.188
318.188
318.188
318.188
318.188
318.188
318.188
318.188
318.188
318.188
318.188
318.178
317.869
317.674
317.674
317.674
317.674
317.674
317.674
317.674
317.674
317.674
317.674
317.674
317.674
317.674
317.674
317.674
317.674
317.674
317.674
317.674
317.674
317.674
317.674
317.674
317.674
317.674
317.674
317.674
317.674
317.674
317.674
317.674
317.674
317.674
317.674
317.674
317.674
317.674
317.674
317.674
317.674
317.674
317.674
317.674
317.674
317.674
317.674
317.674
317.674
317.674
317.674
317.674
317.674
317.674
317.674
317.674
317.674
317.674
317.674
317.674
317.674
317.674
317.674
317.674
317.674
317.674
317.674
317.674
317.674
317.674
317.674
317.674
317.674
317.674
317.674
317.674
317.674
317.674
317.674
317.674
317.674
317.674
317.674
317.674
317.674
317.674
317.674
317.674
317.666
317.426
317.274
317.274
317.274
317.274
317.274
317.274
317.274
317.274
317.274
317.274
317.214
315.294
314.274
314.274
314.274
314.274
314.274
314.274
314.274
314.274
314.274
314.196
311.679
310.342
310.342
310.342
310.342
310.342
310.342
310.342
310.342
310.342
310.342
310.342
310.342
310.342
310.342
310.342
310.342
310.342
310.342
310.342
310.342
310.342
310.342
310.342
310.342
310.342
310.342
310.342
310.342
310.342
310.342
310.342
310.342
310.342
310.342
310.342
310.342
310.342
310.342
310.342
310.342
310.342
310.342
310.342
310.342
310.342
310.342
310.342
310.342
310.342
310.342
310.342
310.342
310.342
310.342
310.342
310.342
310.342
310.342
310.342
310.342
310.342
310.342
310.342
310.342
310.342
310.342
310.342
310.342
310.342
310.342
310.342
310.342
310.342
310.342
310.342
310.342
310.342
310.342
310.342
310.342
310.342
310.342
310.342
310.342
310.342
310.342
310.342
310.342
310.342
310.342
310.342
310.342
310.342
310.342
310.342
310.342
310.342
310.342
310.342
310.342
310.288
308.273
307.62
307.62
307.614
307.375
306.603
305.902
305.902
305.902
305.902
305.902
305.902
305.902
305.902
305.902
305.902
305.902
305.902
305.902
305.902
305.902
305.902
305.902
305.902
305.902
305.902
305.902
305.902
305.898
305.776
305.685
305.685
305.685
305.685
305.685
305.68
305.5
305.428
305.428
305.428
305.428
305.428
305.428
305.428
305.428
305.428
305.428
305.428
305.428
305.428
305.419
305.209
304.999
304.972
304.972
304.972
304.972
304.972
304.972
304.972
304.972
304.972
304.972
304.972
304.949
304.123
303.825
303.825
303.825
303.825
303.825
303.803
303.006
302.756
302.756
302.756
302.756
302.756
302.756
302.756
302.756
302.756
302.756
302.756
302.756
302.756
302.756
302.756
302.756
302.756
302.756
302.756
302.756
302.756
302.756
302.756
302.756
302.756
302.756
302.756
302.756
302.756
302.756
302.756
302.756
302.756
302.756
302.756
302.756
302.756
302.756
302.756
302.756
302.756
302.756
302.756
302.756
302.756
302.756
302.756
302.756
302.756
302.756
302.756
302.755
302.692
302.672
302.672
302.672
302.672
302.672
302.672
302.672
302.672
302.672
302.672
302.672
302.672
302.672
302.672
302.672
302.672
302.672
302.672
302.672
302.672
302.672
302.672
302.672
302.672
302.672
302.66
302.371
302.128
302.093
302.093
302.093
302.093
302.093
302.093
302.093
302.093
302.093
302.093
302.093
302.093
302.093
302.093
302.093
302.093
302.093
302.093
302.093
302.093
302.093
302.093
302.093
302.093
302.093
302.093
302.093
302.093
302.093
302.093
302.093
302.093
302.093
302.093
302.093
302.093
302.093
302.093
302.093
302.093
302.093
302.093
302.093
302.093
302.093
302.093
302.093
302.093
302.093
302.093
302.093
302.093
302.093
302.093
302.093
302.093
302.093
302.093
302.093
302.093
302.093
302.093
302.093
302.093
302.093
302.093
302.093
302.093
302.093
302.051
300.636
300.011
300.011
300.011
300.011
300.011
300.011
300.011
300.011
300.011
300.009
299.909
299.864
299.864
299.864
299.864
299.864
299.864
299.864
299.864
299.864
299.856
299.631
299.457
299.447
299.447
299.447
299.447
299.447
299.447
299.447
299.447
299.447
299.447
299.447
299.447
299.447
299.447
299.447
299.447
299.447
299.447
299.36
297.084
295.246
295.071
295.071
295.071
295.071
295.071
295.071
295.071
295.071
295.071
295.071
295.071
295.071
295.071
295.071
295.071
295.071
295.071
295.071
295.071
295.071
295.071
295.071
295.071
295.071
295.071
295.071
295.071
295.071
295.071
295.071
295.071
295.071
295.071
295.071
295.071
295.071
295.063
294.794
294.664
294.664
294.664
294.664
294.664
294.664
294.664
294.664
294.664
294.664
294.664
294.664
294.664
294.664
294.664
294.664
294.614
293.299
292.287
292.136
292.136
292.136
292.136
292.136
292.136
292.136
292.136
292.136
292.136
292.136
292.136
292.136
292.136
292.136
292.136
292.136
292.136
292.136
292.136
292.136
292.136
292.136
292.136
292.136
292.136
292.136
292.136
292.136
292.136
292.136
292.136
292.136
292.136
292.136
292.136
292.136
292.136
292.136
292.136
292.136
292.136
292.136
292.136
292.136
292.136
292.136
292.136
292.136
292.136
292.136
292.136
292.136
292.136
292.136
292.136
292.136
292.136
292.136
292.136
292.136
292.136
292.136
292.136
292.136
292.136
292.136
292.136
292.136
292.136
292.136
292.136
292.136
292.136
292.129
291.928
291.821
291.821
291.821
291.821
291.821
291.821
291.821
291.821
291.821
291.821
291.821
291.821
291.821
291.821
291.821
291.821
291.821
291.821
291.821
291.821
291.821
291.821
291.821
291.821
291.821
291.821
291.821
291.821
291.821
291.821
291.821
291.821
291.821
291.821
291.821
291.821
291.821
291.821
291.821
291.799
290.993
290.732
290.732
290.732
290.732
290.732
290.732
290.732
290.732
290.732
290.732
290.732
290.732
290.717
290.278
289.975
289.975
289.975
289.975
289.975
289.975
289.975
289.975
289.959
289.508
289.244
289.197
289.197
289.197
289.197
289.197
289.197
289.197
289.197
289.197
289.197
289.197
289.197
289.197
289.197
289.197
289.197
289.197
289.197
289.197
289.197
289.197
289.197
289.197
289.197
289.197
289.197
289.197
289.197
289.197
289.197
289.197
289.197
289.197
289.197
289.197
289.197
289.197
289.197
289.197
289.197
289.197
289.197
289.197
289.197
289.197
289.197
289.196
289.172
289.152
289.152
289.152
289.152
289.152
289.152
289.152
289.152
289.152
289.152
289.152
289.152
289.152
289.152
289.152
289.152
289.152
289.152
289.152
289.152
289.152
289.152
289.152
289.152
289.152
289.152
289.152
289.152
289.152
289.152
289.152
289.152
289.152
289.152
289.152
289.152
289.152
289.152
289.152
289.152
289.152
289.152
289.152
289.152
289.152
289.152
289.152
289.152
289.152
289.152
289.152
289.152
289.152
289.152
289.152
289.152
289.152
289.152
289.152
289.152
289.152
289.152
289.152
289.152
289.152
289.152
289.152
289.152
289.152
289.152
289.152
289.152
289.152
289.152
289.152
289.152
289.152
289.152
289.152
289.152
289.152
289.152
289.152
289.152
289.152
289.152
289.152
289.152
289.152
289.152
289.152
289.152
289.152
289.152
289.152
289.152
289.152
289.152
289.152
289.152
289.152
289.152
289.152
289.152
289.152
289.152
289.152
289.152
289.152
289.152
289.152
289.152
289.152
289.152
289.152
289.152
289.152
289.152
289.152
289.113
288.158
287.165
287.165
287.165
287.165
287.165
287.165
287.165
287.165
287.165
287.165
287.165
287.165
287.165
287.165
287.165
287.165
287.165
287.165
287.165
287.165
287.165
287.165
287.165
287.165
287.165
287.165
287.165
287.165
287.165
287.165
287.165
287.165
287.165
287.165
287.165
287.165
287.165
287.165
287.165
287.165
287.165
287.165
287.165
287.165
287.165
287.165
287.165
287.165
287.165
287.165
287.165
287.165
287.165
287.165
287.165
287.165
287.165
287.165
287.165
287.165
287.165
287.165
287.165
287.165
287.165
287.165
287.165
287.165
287.165
287.165
287.165
287.165
287.165
287.165
287.165
287.165
287.165
287.165
287.165
287.165
287.165
287.165
287.165
287.165
287.165
287.165
287.165
287.165
287.165
287.165
287.165
287.165
287.165
287.165
287.165
287.165
287.165
287.165
287.165
287.165
287.165
287.165
287.165
287.165
287.165
287.165
287.165
287.165
287.165
287.165
287.165
287.165
287.165
287.165
287.165
287.165
287.165
287.165
287.165
287.165
287.165
287.165
287.165
287.165
287.165
287.165
287.165
287.165
287.165
287.165
287.165
287.165
287.165
287.165
287.165
287.165
287.165
287.165
287.165
287.165
287.165
287.165
287.165
287.165
287.165
287.165
287.165
287.165
287.165
287.165
287.165
287.165
287.165
287.165
287.165
287.165
287.165
287.165
287.165
287.165
287.165
287.165
287.165
287.165
287.165
287.165
287.165
287.165
287.165
287.165
287.165
287.165
287.165
287.165
287.165
287.165
287.165
287.165
287.165
287.165
287.165
287.165
287.165
287.165
287.165
287.165
287.165
287.165
287.165
287.165
287.165
287.165
287.165
287.165
287.165
287.165
287.165
287.165
287.165
287.165
287.165
287.165
287.165
287.165
287.165
287.165
287.165
287.165
287.165
287.165
287.165
287.165
287.165
287.165
287.165
287.165
287.165
287.165
287.165
287.165
287.165
287.165
287.165
287.165
287.165
287.165
287.165
287.165
287.165
287.165
287.165
287.165
287.165
287.165
287.165
287.165
287.165
287.165
287.165
287.165
287.165
287.165
287.165
287.165
287.165
287.165
287.165
287.165
287.165
287.165
287.165
287.165
287.165
287.165
287.165
287.165
287.165
287.165
287.165
287.165
287.165
287.165
287.165
287.165
287.165
287.165
287.165
287.165
287.165
287.165
287.165
287.165
287.165
287.165
287.165
287.165
287.165
287.165
287.165
287.165
287.165
287.165
287.165
287.165
287.16
287.037
286.959
286.959
286.959
286.959
286.959
286.959
286.959
286.959
286.959
286.959
286.959
286.959
286.959
286.959
286.959
286.959
286.959
286.959
286.959
286.959
286.959
286.959
286.959
286.959
286.959
286.959
286.959
286.959
286.959
286.959
286.959
286.959
286.959
286.959
286.959
286.959
286.959
286.959
286.959
286.959
286.959
286.959
286.959
286.959
286.959
286.959
286.959
286.959
286.959
286.959
286.959
286.959
286.959
286.959
286.959
286.959
286.959
286.959
286.959
286.959
286.959
286.959
286.959
286.959
286.959
286.959
286.959
286.959
286.959
286.959
286.959
286.959
286.959
286.959
286.959
286.959
286.959
286.959
286.959
286.959
286.959
286.959
286.959
286.959
286.959
286.958
286.921
286.893
286.893
286.893
286.893
286.893
286.893
286.893
286.893
286.893
286.893
286.893
286.893
286.893
286.893
286.893
286.893
286.893
286.893
286.893
286.893
286.893
286.893
286.893
286.893
286.893
286.893
286.893
286.893
286.893
286.893
286.893
286.893
286.893
286.893
286.893
286.893
286.893
286.893
286.893
286.893
286.893
286.893
286.893
286.893
286.893
286.893
286.893
286.893
286.893
286.893
286.893
286.893
286.893
286.893
286.893
286.893
286.893
286.893
286.893
286.893
286.893
286.893
286.893
286.893
286.893
286.893
286.893
286.893
286.893
286.893
286.893
286.893
286.893
286.893
286.893
286.893
286.893
286.893
286.893
286.893
286.893
286.893
286.893
286.893
286.893
286.893
286.893
286.893
286.893
286.893
286.893
286.893
286.893
286.893
286.893
286.893
286.893
286.893
286.875
286.285
285.999
285.999
285.999
285.999
285.999
285.999
285.999
285.999
285.999
