1029.78
958.438
892.895
857.779
839.122
831.241
816.246
773.541
749.678
738.282
736.674
727.041
709.104
694.547
672.544
656.57
644.655
635.977
627.946
623.583
622.493
617.392
612.974
609.906
603.507
595.456
577.734
554.19
545.116
543.584
543.077
531.89
514.124
509.668
508.24
507.519
506.548
500.615
494.38
492.434
487.49
481.641
476.24
467.414
459.477
445.14
439.389
437.781
429.314
423.306
422.252
422.248
422.248
422.248
422.248
422.248
422.248
422.248
422.248
422.248
421.949
414.119
405.868
392.657
387.302
385.923
385.844
385.844
385.844
385.844
385.747
383.578
381.388
381.001
380.951
379.025
376.483
375.101
375.101
375.101
375.068
373.869
373.444
373.444
373.444
373.444
373.444
373.444
373.444
373.444
373.444
373.444
373.444
373.444
373.444
373.444
373.444
373.444
373.444
373.444
373.436
373.191
373.072
373.072
373.046
372.274
371.811
371.785
371.785
371.785
371.785
371.785
371.785
371.785
371.785
371.785
371.785
371.785
371.785
371.785
371.785
371.785
371.785
371.785
371.785
371.785
371.785
371.785
371.785
371.785
371.785
371.785
371.785
371.785
371.785
371.785
371.785
371.785
371.785
371.785
371.785
371.785
371.785
371.785
371.785
371.697
370.138
367.003
366.154
366.02
366.02
366.02
366.02
366.02
366.02
366.02
366.02
366.02
366.02
366.02
366.02
366.02
366.02
365.863
363.56
362.477
361.736
361.05
360.334
359.592
359.53
359.53
359.501
358.741
358.069
358.069
358.069
358.069
358.069
358.069
358.069
358.028
357.026
356.218
356.012
356.012
356.012
355.97
355.092
353.962
353.919
353.863
353.823
353.817
353.817
353.817
353.817
353.817
353.817
353.817
353.817
353.817
353.817
353.817
353.817
353.817
353.817
353.776
352.603
351.939
351.8
351.752
351.752
351.752
351.752
351.705
350.286
349.387
349.387
349.387
349.387
349.387
349.387
349.387
349.387
349.387
349.387
349.387
349.387
349.387
349.387
349.371
348.91
348.598
348.462
346.033
345.003
345.003
345.003
345.003
345.003
345.003
345.003
345.003
345.003
345.003
345.003
345.003
345.003
345.003
345.003
345.003
345.003
345.003
345.003
345.003
345.003
345.003
345.003
345.003
345.003
345.003
345.003
345.003
345.003
345.003
345.003
345.003
345.003
345.003
345.003
345.003
345.003
345.003
345.003
345.003
345.003
345.003
345.003
345.003
345.003
345.003
345.003
345.003
345.003
345.003
344.82
343.257
338.431
335.944
335.852
335.852
335.852
335.852
335.832
335.271
334.816
333.8
332.066
331.622
331.473
331.37
331.37
331.37
331.37
331.37
331.37
331.37
331.37
331.37
331.37
331.37
331.37
331.37
331.37
331.37
331.37
331.37
331.287
329.292
327.362
327.213
327.213
327.213
327.21
327.173
326.946
326.889
326.889
326.889
326.889
326.806
324.738
323.084
322.753
322.753
322.753
322.753
322.753
322.753
322.753
322.753
322.753
322.753
322.753
322.753
322.753
322.753
322.753
322.753
322.753
322.753
322.753
322.753
322.753
322.753
322.753
322.753
322.753
322.714
321.692
320.468
320.092
320.092
320.092
320.092
320.092
320.092
320.092
320.092
320.092
320.092
320.092
320.092
320.092
320.092
320.092
320.092
320.092
320.092
320.092
320.092
320.092
320.092
320.092
320.092
320.092
320.092
320.092
320.092
320.092
320.092
320.092
320.092
320.092
320.092
320.092
320.092
320.092
320.092
320.092
320.092
320.092
320.092
320.062
319.206
318.565
318.565
318.565
318.556
318.284
318.139
318.139
318.139
318.139
318.139
318.139
318.139
318.139
318.139
318.139
318.139
318.139
318.139
318.139
318.139
318.139
318.139
318.139
318.139
318.139
318.139
318.139
318.139
318.139
318.139
318.139
318.139
318.139
318.139
318.139
318.139
318.139
318.139
318.113
317.302
316.858
316.831
316.831
316.831
316.831
316.831
316.831
316.831
316.831
316.831
316.831
316.831
316.831
316.831
316.831
316.831
316.831
316.831
316.831
316.831
316.831
316.831
316.831
316.831
316.831
316.831
316.831
316.831
316.831
316.831
316.831
316.831
316.831
316.831
316.831
316.831
316.822
316.506
316.368
316.338
316.338
316.338
316.338
316.338
316.338
316.338
316.338
316.338
316.338
316.338
316.338
316.338
316.338
316.338
316.31
315.915
314.709
310.231
308.736
308.487
308.487
308.487
308.487
308.487
308.452
307.778
306.619
306.416
306.381
306.381
306.381
306.381
306.381
306.381
306.381
306.381
306.381
306.381
306.381
306.381
306.381
306.381
306.381
306.215
302.052
298.722
298.056
298.056
298.056
298.056
298.056
298.054
297.987
297.926
297.918
297.918
297.918
297.918
297.918
297.918
297.918
297.918
297.918
297.918
297.918
297.918
297.918
297.918
297.918
297.918
297.918
297.918
297.918
297.918
297.918
297.918
297.918
297.918
297.918
297.918
297.918
297.918
297.918
297.918
297.918
297.918
297.918
297.918
297.918
297.918
297.918
297.918
297.918
297.918
297.918
297.918
297.918
297.918
297.918
297.918
297.918
297.918
297.918
297.918
297.918
297.918
297.918
297.918
297.918
297.918
297.918
297.918
297.918
297.918
297.918
297.918
297.918
297.918
297.918
297.918
297.918
297.918
297.918
297.918
297.918
297.918
297.918
297.918
297.918
297.918
297.918
297.918
297.918
297.918
297.918
297.918
297.918
297.918
297.918
297.918
297.918
297.918
297.918
297.918
297.918
297.918
297.918
297.918
297.918
297.918
297.918
297.918
297.918
297.918
297.918
297.918
297.918
297.918
297.918
297.918
297.918
297.918
297.918
297.918
297.918
297.918
297.918
297.918
297.918
297.918
297.918
297.918
297.918
297.918
297.918
297.918
297.918
297.918
297.918
297.918
297.918
297.918
297.918
297.918
297.918
297.877
297.142
296.897
296.897
296.897
296.897
296.897
296.897
296.897
296.891
296.658
296.563
296.563
296.563
296.563
296.563
296.563
296.563
296.563
296.563
296.563
296.563
296.563
296.563
296.563
296.563
296.563
296.563
296.563
296.563
296.563
296.563
296.563
296.563
296.563
296.563
296.563
296.563
296.563
296.563
296.563
296.563
296.563
296.563
296.563
296.563
296.563
296.563
296.563
296.563
296.563
296.563
296.563
296.563
296.563
296.563
296.563
296.563
296.563
296.563
296.563
296.563
296.563
296.563
296.563
296.563
296.563
296.563
296.563
296.563
296.563
296.563
296.563
296.563
296.563
296.563
296.563
296.563
296.563
296.563
296.563
296.563
296.563
296.563
296.563
296.563
296.563
296.563
296.563
296.563
296.563
296.563
296.563
296.563
296.563
296.563
296.563
296.563
296.563
296.563
296.563
296.563
296.563
296.563
296.563
296.563
296.563
296.563
296.563
296.563
296.563
296.563
296.563
296.563
296.563
296.563
296.563
296.563
296.563
296.563
296.563
296.563
296.563
296.563
296.563
296.563
296.563
296.563
296.563
296.563
296.563
296.563
296.563
296.563
296.563
296.563
296.563
296.563
296.563
296.563
296.563
296.563
296.563
296.563
296.563
296.563
296.563
296.563
296.563
296.563
296.563
296.563
296.563
296.563
296.563
296.563
296.563
296.563
296.563
296.563
296.563
296.563
296.563
296.563
296.559
296.412
294.989
294.521
293.468
292.802
292.802
292.802
292.802
292.802
292.802
292.802
292.802
292.802
292.802
292.802
292.802
292.802
292.802
292.802
292.802
292.802
292.802
292.802
292.802
292.802
292.802
292.802
292.802
292.802
292.802
292.802
292.802
292.802
292.802
292.802
292.802
292.802
292.802
292.802
292.802
292.802
292.802
292.802
292.802
292.802
292.802
292.802
292.802
292.802
292.802
292.802
292.802
292.802
292.802
292.802
292.802
292.802
292.802
292.802
292.802
292.802
292.802
292.802
292.802
292.802
292.802
292.802
292.802
292.802
292.802
292.802
292.802
292.802
292.802
292.802
292.802
292.802
292.802
292.802
292.802
292.802
292.802
292.802
292.802
292.802
292.802
292.802
292.802
292.802
292.802
292.802
292.802
292.802
292.802
292.802
292.802
292.772
291.796
291.381
291.322
291.322
291.322
291.322
291.322
291.322
291.322
291.322
291.322
291.322
291.322
291.322
291.322
291.322
291.322
291.322
291.322
291.319
291.25
291.178
291.17
290.947
290.793
290.793
290.793
290.793
290.793
290.793
290.793
290.793
290.793
290.793
290.793
290.793
290.793
290.793
290.793
290.793
290.793
290.793
290.793
290.793
290.793
290.793
290.793
290.793
290.793
290.793
290.793
290.793
290.793
290.793
290.793
290.793
290.793
290.793
290.793
290.793
290.793
290.793
290.793
290.793
290.793
290.793
290.793
290.793
290.793
290.793
290.793
290.793
290.793
290.793
290.793
290.793
290.793
290.793
290.793
290.793
290.793
290.793
290.793
290.793
290.793
290.793
290.793
290.793
290.793
290.793
290.793
290.793
290.793
290.793
290.793
290.793
290.793
290.793
290.793
290.793
290.792
290.774
290.759
290.749
290.543
290.4
290.4
290.4
290.4
290.4
290.4
290.4
290.4
290.4
290.4
290.4
290.4
290.4
290.4
290.4
290.4
290.4
290.4
290.4
290.4
290.4
290.4
290.4
290.4
290.4
290.4
290.4
290.4
290.4
290.4
290.4
290.4
290.4
290.4
290.4
290.4
290.4
290.4
290.4
290.4
290.4
290.4
290.4
290.4
290.4
290.4
290.4
290.4
290.4
290.4
290.4
290.4
290.4
290.4
290.4
290.4
290.4
290.4
290.4
290.4
290.4
290.4
290.4
290.4
290.4
290.4
290.4
290.4
290.4
290.4
290.4
290.4
290.4
290.4
290.4
290.4
290.4
290.4
290.4
290.4
290.4
290.4
290.4
290.4
290.4
290.4
290.4
290.4
290.4
290.4
290.4
290.4
290.4
290.4
290.4
290.4
290.4
290.4
290.4
290.4
290.4
290.4
290.4
290.4
290.4
290.4
290.4
290.4
290.4
290.4
290.4
290.4
290.4
290.4
290.4
290.4
290.4
290.4
290.4
290.4
290.4
290.4
290.4
290.4
290.4
290.361
289.119
288.458
288.458
288.458
288.458
288.458
288.458
288.458
288.458
288.458
288.458
288.458
288.458
288.458
288.458
288.458
288.458
288.458
288.458
288.458
288.458
288.458
288.458
288.458
288.458
288.458
288.458
288.458
288.458
288.458
288.458
288.458
288.458
288.458
288.458
288.458
288.458
288.458
288.458
288.458
288.458
288.458
288.458
288.458
288.458
288.458
288.458
288.458
288.458
288.458
288.458
288.458
288.458
288.458
288.458
288.458
288.458
288.458
288.458
288.458
288.458
288.458
288.458
288.458
288.458
288.458
288.458
288.458
288.458
288.458
288.458
288.458
288.458
288.458
288.458
288.458
288.458
288.458
288.458
288.458
288.458
288.458
288.458
288.458
288.458
288.458
288.458
288.458
288.458
288.458
288.458
288.458
288.458
288.458
288.458
288.458
288.458
288.458
288.458
288.458
288.458
288.458
288.458
288.458
288.458
288.458
288.458
288.458
288.458
288.458
288.458
288.458
288.458
288.458
288.458
288.458
288.458
288.458
288.458
288.458
288.458
288.458
288.458
288.458
288.458
288.458
288.458
288.458
288.458
288.458
288.458
288.458
288.458
288.458
288.458
288.458
288.458
288.458
288.458
288.458
288.458
288.458
288.458
288.458
288.458
288.458
288.458
288.458
288.458
288.458
288.457
288.431
288.413
288.413
288.413
288.413
288.413
288.413
288.413
288.413
288.413
288.413
288.413
288.413
288.413
288.413
288.413
288.413
288.413
288.413
288.413
288.413
288.413
288.413
288.413
288.413
288.413
288.413
288.413
288.413
288.413
288.413
288.413
288.413
288.413
288.413
288.413
288.413
288.413
288.409
288.294
288.212
288.197
287.971
287.677
287.643
287.643
287.643
287.643
287.643
287.643
287.643
287.643
287.643
287.643
287.643
287.643
287.643
287.643
287.643
287.643
287.643
287.643
287.643
287.643
287.643
287.643
287.643
287.643
287.643
287.643
287.643
287.643
287.643
287.643
287.643
287.643
287.643
287.643
287.643
287.643
287.643
287.643
287.643
287.643
287.643
287.643
287.643
287.643
287.643
287.643
287.643
287.643
287.643
287.643
287.643
287.643
287.643
287.643
287.643
287.643
287.643
287.643
287.643
287.643
287.643
287.643
287.643
287.643
287.643
287.643
287.643
287.643
287.643
287.643
287.643
287.643
287.643
287.643
287.643
287.643
287.643
287.643
287.643
287.643
287.643
287.643
287.643
287.643
287.643
287.643
287.643
287.643
287.643
287.643
287.643
287.643
287.643
287.643
287.643
287.643
287.643
287.643
287.643
287.643
287.643
287.643
287.643
287.643
287.643
287.643
287.643
287.643
287.643
287.643
287.643
287.643
287.643
287.643
287.643
287.643
287.643
287.643
287.643
287.643
287.643
287.643
287.643
287.643
287.643
287.643
287.643
287.643
287.643
287.643
287.643
287.643
287.643
287.643
287.643
287.643
287.643
287.643
287.643
287.643
287.643
287.643
287.643
287.643
287.643
287.643
287.643
287.643
287.643
287.643
287.643
287.643
287.643
287.643
287.643
287.643
287.643
287.643
287.643
287.643
287.643
287.643
287.643
287.643
287.643
287.643
287.643
287.643
287.643
287.643
287.643
287.643
287.643
287.643
287.643
287.643
287.643
287.643
287.643
287.643
287.643
287.643
287.643
287.643
287.643
287.643
287.643
287.643
287.643
287.643
287.643
287.643
287.643
287.643
287.643
287.643
287.643
287.643
287.643
287.643
287.643
287.643
287.643
287.643
287.643
287.643
287.643
287.643
287.643
287.643
287.643
287.643
287.643
287.643
287.643
287.643
287.643
287.643
287.643
287.643
287.643
287.643
287.643
287.643
287.643
287.643
287.643
287.643
287.643
287.643
287.643
287.643
287.643
287.643
287.643
287.643
287.643
287.643
287.643
287.643
287.643
287.643
287.643
287.643
287.643
287.643
287.643
287.643
287.643
287.643
287.643
287.643
287.643
287.643
287.643
287.643
287.643
287.643
287.643
287.643
287.643
287.643
287.643
287.643
287.643
287.643
287.643
287.643
287.643
287.643
287.643
287.643
287.643
287.643
287.643
287.643
287.643
287.643
287.643
287.643
287.643
287.643
287.643
287.643
287.643
287.643
287.643
287.643
287.643
287.643
287.643
287.643
287.643
287.643
287.643
287.643
287.643
287.643
287.643
287.643
287.643
287.643
287.643
287.643
287.643
287.643
287.643
287.643
287.643
287.643
287.643
287.643
287.643
287.643
287.643
287.643
287.643
287.643
287.643
287.643
287.643
287.643
287.643
287.643
287.643
287.643
287.643
287.643
287.643
287.643
287.643
287.643
287.643
287.643
287.643
287.643
287.643
287.643
287.643
287.643
287.643
287.643
287.643
287.643
287.643
287.643
287.643
287.643
287.643
287.643
287.643
287.643
287.643
287.643
287.643
287.643
287.643
287.643
287.643
287.643
287.643
287.643
287.643
287.643
287.643
287.643
287.643
287.643
287.643
287.643
287.643
287.643
287.643
287.643
287.643
287.643
287.643
287.643
287.643
287.643
287.643
287.643
287.643
287.643
287.643
287.643
287.643
287.643
287.643
287.643
287.643
287.643
287.643
287.643
287.643
287.643
287.643
287.643
287.643
287.643
287.643
287.643
287.643
287.643
287.643
287.643
287.643
287.643
287.576
285.636
284.298
284.298
284.298
284.298
284.298
284.298
284.298
284.298
284.298
284.298
284.298
284.298
284.298
284.298
284.298
284.298
284.298
284.298
284.298
284.298
284.298
284.298
284.298
284.298
284.298
284.298
284.298
284.298
284.298
284.298
284.298
284.298
284.298
284.298
284.298
284.298
284.298
284.298
284.298
284.298
284.298
284.298
284.298
284.298
284.298
284.298
284.298
284.298
284.298
284.298
284.298
284.298
284.298
284.298
284.298
284.298
284.298
284.298
284.298
284.298
284.298
284.298
284.298
284.298
284.298
284.298
284.298
284.298
284.298
284.298
284.298
284.298
284.298
284.298
284.298
284.298
284.298
284.298
284.298
284.298
284.298
284.298
284.298
284.298
284.298
284.298
284.298
284.298
284.298
284.298
284.298
284.298
284.298
284.298
284.298
284.298
284.298
284.298
284.298
284.298
284.298
284.298
284.298
284.298
284.298
284.298
284.298
284.298
284.298
284.298
284.298
284.298
284.298
284.298
284.298
284.298
284.298
284.298
284.298
284.298
284.298
284.298
284.298
284.298
284.298
284.298
284.298
284.298
284.298
284.298
284.298
284.298
284.298
284.298
284.298
284.298
284.298
284.298
284.298
284.298
284.298
284.298
284.298
284.298
284.298
284.298
284.298
284.298
284.298
284.298
284.298
284.298
284.298
284.298
284.298
284.298
284.298
284.298
284.298
284.298
284.298
284.298
284.298
284.298
284.298
284.298
284.298
284.298
284.298
284.298
284.298
284.298
284.298
284.298
284.298
284.298
284.298
284.298
284.298
284.298
284.298
284.298
284.298
284.298
284.298
284.298
284.298
284.298
284.298
284.298
284.298
284.298
284.298
284.298
284.298
284.298
284.298
284.298
284.298
284.298
284.298
284.298
284.298
284.298
284.298
284.298
284.298
284.298
284.298
284.298
284.298
284.298
284.298
284.298
284.298
284.298
284.298
284.298
284.298
284.298
284.298
284.298
284.298
284.298
284.298
284.298
284.298
284.298
284.298
284.298
284.298
