1021.62
946.109
935.01
927.718
921.996
921.621
919.912
914.555
910.47
896.896
887.086
865.396
851.717
843.154
825.286
817.779
793.519
778.023
777.359
762.971
755.659
728.849
708.54
706.513
706.166
696.748
689.272
685.3
685.3
685.3
685.296
684.585
671.832
661.35
656.758
656.099
651.69
648.368
638.546
634.662
634.662
595.496
552.276
549.629
542.396
540.187
538.902
533.068
529.762
529.48
520.562
516.539
512.496
507.54
503.787
499.899
498.857
498.819
497.779
496.977
496.355
495.855
493.101
486.502
485.42
485.42
485.42
485.42
485.42
485.115
478.402
470.164
470.164
470.164
470.164
470.033
464.88
463.418
461.429
456.524
449.829
447.619
447.619
447.619
447.597
446.645
443.346
441.44
440.879
440.879
440.707
436.947
433.677
433.255
433.255
432.964
423.393
418.721
418.584
414.391
411.91
411.91
411.91
411.91
411.91
411.91
411.876
411.158
410.44
410.176
409.655
409.035
408.96
408.96
408.96
408.786
403.731
400.245
400.245
400.1
394.457
391.031
389.433
389.205
389.205
389.205
389.205
389.205
389.205
389.205
389.205
389.205
389.205
389.205
389.205
389.205
389.205
389.205
389.205
389.205
389.205
386.427
384.163
384.06
384.06
384.06
384.057
384.054
384.053
383.879
379.353
377.285
377.285
377.285
377.264
376.595
376.193
375.735
375.492
375.492
375.492
375.492
375.492
375.492
375.481
375.098
374.944
374.944
374.944
374.944
374.944
374.944
374.944
374.944
374.944
374.944
374.944
374.944
374.944
374.93
374.921
371.15
369.376
369.376
369.376
369.376
369.376
369.376
369.312
367.378
366.218
366.153
366.153
366.153
366.153
366.153
366.138
365.706
365.426
365.381
365.381
358.239
353.647
352.627
352.627
352.627
352.627
352.627
352.627
352.627
352.627
352.627
352.541
349.87
348.319
348.308
348.03
347.816
347.784
347.784
347.784
347.784
347.784
347.784
347.784
347.784
347.784
347.784
347.784
347.784
347.784
347.784
347.784
347.784
347.733
346.112
345.251
345.251
345.251
345.251
345.251
345.251
345.251
345.251
345.251
345.251
345.251
345.251
345.251
345.251
345.251
345.251
345.251
345.251
345.251
345.251
345.251
345.251
345.251
345.229
344.691
338.439
333.688
333.474
333.474
333.474
333.474
333.474
333.474
333.474
333.474
333.474
333.474
333.474
333.474
333.413
331.699
330.413
330.413
330.385
329.664
329.081
329.025
329.025
329.025
329.025
328.95
327.156
325.585
325.286
325.286
325.286
325.286
325.286
325.286
325.286
325.286
325.286
325.286
325.286
325.258
324.761
323.987
323.904
323.773
319.449
317.352
317.352
317.352
317.352
317.352
317.352
317.352
317.352
317.35
317.305
317.283
317.277
317.277
317.277
317.277
317.277
317.277
317.277
317.277
317.277
317.277
317.277
317.277
317.277
317.277
317.277
317.277
317.21
314.951
313.955
313.955
313.955
313.955
313.955
313.955
313.955
313.955
313.955
313.955
313.955
313.955
313.955
313.955
313.955
313.955
313.955
313.955
313.955
313.955
313.955
313.955
313.955
313.955
313.955
313.955
310.623
308.581
308.581
308.581
308.581
308.581
308.581
308.581
308.581
308.581
308.581
308.581
308.581
308.581
308.581
308.581
308.581
308.581
308.581
308.581
308.581
308.581
308.581
308.581
308.581
308.581
308.581
308.581
308.581
308.581
308.581
308.581
308.581
308.581
308.581
308.581
308.581
308.581
308.581
308.581
303.98
300.086
299.732
299.732
299.732
299.732
299.732
299.732
299.732
299.732
299.732
299.732
299.732
299.732
299.732
299.732
299.732
299.732
299.63
297.395
294.97
294.652
294.652
294.652
294.652
294.652
294.652
294.652
294.652
294.652
294.652
294.652
294.652
294.652
294.652
294.652
294.652
294.652
294.652
294.652
294.652
294.652
294.652
294.652
294.652
294.652
294.652
294.652
294.652
294.652
294.652
294.652
294.652
294.652
294.652
294.652
294.652
294.652
294.652
294.652
290.731
287.892
287.892
287.892
287.892
287.892
287.892
287.892
287.892
287.892
287.892
287.892
287.892
287.892
287.892
287.892
287.892
287.892
287.892
287.892
287.37
286.804
286.804
286.804
286.804
286.804
286.804
286.804
286.804
286.804
286.804
286.804
286.804
286.804
286.804
286.804
286.804
286.804
286.804
286.804
286.804
286.804
286.804
286.804
286.804
286.804
286.804
286.804
286.804
286.804
286.804
286.804
286.804
286.804
286.804
286.804
286.804
286.804
286.804
286.804
286.804
286.804
286.804
286.804
286.804
286.804
286.804
286.804
286.804
286.804
286.804
286.804
286.804
286.804
286.804
286.804
286.804
286.804
286.804
286.804
286.164
285.55
285.524
285.524
285.524
285.524
285.524
285.524
285.524
285.524
285.524
285.524
285.524
285.524
285.524
285.524
285.524
285.524
285.524
285.524
285.524
285.524
285.524
285.524
285.524
285.524
285.524
285.524
285.524
285.524
285.524
285.52
285.384
285.319
285.319
285.319
285.319
285.319
285.319
285.319
284.194
283.391
283.311
283.311
283.311
283.311
283.311
283.311
283.311
283.311
283.311
283.311
283.311
283.311
283.311
283.311
283.311
283.311
283.311
283.311
283.311
283.311
283.311
283.311
283.311
283.311
283.311
283.311
283.311
283.311
283.311
283.311
283.311
283.311
283.31
283.277
283.266
283.266
283.266
283.266
283.266
283.266
283.266
283.266
283.266
283.266
283.266
283.266
283.266
283.266
283.266
283.266
283.266
283.266
283.266
283.266
283.266
283.266
283.266
283.266
283.266
283.266
283.266
283.266
283.266
283.266
283.266
283.266
283.266
283.266
283.266
283.266
283.266
283.266
283.266
283.266
283.266
283.266
283.266
283.266
283.266
283.266
283.266
283.266
283.266
283.266
283.266
283.266
283.266
283.266
283.266
283.266
283.266
283.266
283.266
283.266
283.266
283.266
283.266
283.266
283.266
283.266
283.266
283.266
283.266
283.266
283.266
283.266
283.266
283.266
283.266
283.266
283.266
283.266
283.266
283.266
283.266
283.266
283.266
283.266
283.266
283.266
283.266
283.266
283.266
283.266
283.266
283.266
283.266
283.266
283.266
283.266
283.266
283.266
283.266
283.266
283.266
283.266
283.266
283.266
283.266
283.266
283.266
283.266
283.266
283.266
283.266
283.266
283.266
283.266
283.266
283.266
283.266
283.266
283.266
283.266
283.266
283.266
283.266
283.266
283.266
283.266
283.266
283.266
283.266
283.266
283.266
283.266
283.266
283.266
283.266
283.266
283.266
283.266
283.266
283.266
283.266
283.266
283.266
283.266
282.72
282.559
282.463
282.463
282.463
282.463
282.463
282.463
282.463
282.463
282.463
282.463
282.463
282.463
282.463
282.463
282.463
282.463
282.463
282.463
282.463
282.463
282.463
282.463
282.463
282.463
282.463
282.463
282.463
282.463
282.463
282.463
282.463
282.463
282.463
282.463
282.463
282.463
282.463
282.463
282.078
281.898
281.898
281.898
281.898
281.898
281.898
281.898
281.898
281.898
281.898
281.898
281.898
281.898
281.898
281.898
281.898
281.898
281.898
281.898
281.898
281.898
281.898
281.898
281.898
281.898
281.898
281.898
281.898
281.898
281.898
281.898
281.898
281.898
281.898
281.898
281.898
281.898
281.898
281.898
281.768
281.658
281.658
281.658
281.658
281.658
281.658
281.658
281.658
281.658
281.658
281.658
281.658
281.658
281.658
281.658
281.658
281.658
281.658
281.658
281.658
281.658
281.658
281.658
281.658
281.658
281.658
281.658
281.658
281.658
281.658
281.658
281.658
281.658
281.658
281.658
281.658
281.658
281.658
281.658
281.631
281.607
281.605
281.605
281.605
281.605
281.605
281.605
281.605
281.605
281.605
281.605
281.605
281.605
281.605
281.605
281.605
281.605
281.605
281.605
281.605
281.605
281.605
281.605
281.605
281.605
281.605
281.605
281.605
281.605
281.605
281.605
281.605
281.605
281.605
281.605
281.605
281.605
281.605
281.605
281.605
281.605
281.605
281.605
281.605
281.605
281.605
281.605
281.605
281.605
281.605
281.605
281.605
281.605
281.605
281.605
281.605
281.605
281.605
281.605
281.605
281.605
281.605
281.605
281.605
281.605
281.605
281.605
281.605
281.605
281.605
281.605
281.605
281.605
281.605
281.605
281.605
281.605
281.605
281.605
281.605
281.605
281.605
281.605
281.605
281.605
281.605
281.605
281.605
281.605
281.605
281.605
281.605
281.605
281.605
281.605
281.605
281.605
281.605
281.605
281.605
281.605
281.605
281.605
281.605
281.605
281.605
281.605
281.605
281.605
281.605
281.605
281.605
281.605
281.605
281.605
281.605
281.605
281.605
281.605
281.605
281.605
281.605
281.605
281.605
281.605
281.605
281.605
281.605
281.605
281.605
281.605
281.605
281.605
281.605
281.605
281.605
281.605
281.605
281.605
281.118
280.748
280.631
280.631
280.631
280.631
280.631
280.631
280.631
280.631
280.631
280.631
280.631
280.631
280.631
280.631
280.631
280.631
280.631
280.631
280.631
280.631
280.631
280.631
280.631
280.631
280.631
280.631
280.631
280.631
280.631
280.631
280.631
280.631
280.631
280.631
280.631
280.631
280.631
280.631
280.631
280.631
280.631
280.631
280.631
280.631
280.631
280.631
280.631
280.631
280.631
280.631
280.631
280.631
280.631
280.631
280.631
280.631
280.631
280.631
280.631
280.631
280.631
280.631
280.631
280.631
280.631
280.631
280.631
280.631
280.631
280.631
280.631
280.631
280.631
280.631
280.631
280.631
280.631
280.631
280.631
280.631
280.631
280.631
280.631
280.631
280.631
280.631
280.631
280.631
280.631
280.631
280.631
280.631
280.631
280.631
280.631
280.631
280.631
280.631
280.631
280.631
280.631
280.631
280.631
280.631
280.631
280.631
280.631
280.631
280.631
280.631
280.631
280.631
280.631
280.631
280.631
280.631
280.631
280.631
280.631
280.631
280.631
280.631
280.631
280.631
280.631
280.631
280.631
280.631
280.631
280.631
280.631
280.631
280.631
280.631
280.631
280.631
280.631
280.631
280.631
280.631
280.631
280.631
280.631
280.631
280.631
280.631
280.631
280.631
280.631
280.631
280.631
280.631
280.631
280.631
280.631
280.631
280.631
280.631
280.631
280.631
280.631
280.631
280.631
280.631
280.631
280.631
280.631
280.631
280.631
280.631
280.631
280.631
280.631
280.631
280.631
280.631
280.631
280.631
280.631
280.631
280.631
280.631
280.631
280.631
280.631
280.631
280.631
280.631
280.631
280.631
280.631
280.631
280.631
280.631
280.631
280.631
280.631
280.631
280.631
280.631
280.631
280.631
280.631
280.631
280.631
280.631
280.631
280.631
280.631
280.631
280.631
280.631
280.631
280.631
280.631
280.631
280.631
280.631
280.631
280.631
280.631
280.631
280.631
280.631
280.631
280.631
280.631
280.631
280.631
280.631
280.631
280.631
280.631
280.631
280.631
280.631
280.631
280.631
280.631
280.631
280.631
280.631
280.631
280.631
280.631
280.631
280.631
280.631
280.631
280.631
280.631
280.631
280.631
280.631
280.631
280.631
280.631
280.631
280.631
280.631
280.631
280.631
280.631
280.631
280.631
280.631
280.631
280.631
280.631
280.631
280.631
280.631
280.631
280.631
280.631
280.631
280.631
280.631
280.631
280.631
280.631
280.631
280.631
280.631
280.631
280.631
280.631
280.631
280.631
280.631
280.631
280.631
280.631
280.631
280.631
280.631
280.631
280.631
280.631
280.631
280.631
280.631
280.631
280.631
280.631
280.631
280.631
280.631
280.631
280.631
280.631
280.631
280.631
280.631
280.631
280.631
280.631
280.631
280.631
280.631
280.631
280.631
280.631
280.631
280.631
280.631
280.631
280.631
280.631
280.631
280.631
280.631
280.631
280.631
280.631
280.631
280.631
280.631
280.631
280.631
280.631
280.631
280.631
280.631
280.631
280.631
280.631
280.631
280.631
280.631
280.631
280.631
280.631
280.631
280.631
280.631
280.631
280.631
280.631
280.631
280.631
280.631
280.631
280.631
280.631
280.631
280.631
280.631
280.631
280.631
280.631
280.631
280.631
280.631
280.631
280.631
280.631
280.631
280.631
280.631
280.631
280.631
280.631
280.631
280.631
280.631
280.631
280.631
280.631
280.631
280.631
280.631
280.631
280.631
280.631
280.631
280.631
280.631
280.631
280.631
280.631
280.631
280.631
280.631
280.631
280.631
280.631
280.631
280.631
280.631
280.631
280.631
280.631
280.631
280.631
280.631
280.631
280.631
280.631
280.631
280.631
280.631
280.631
280.631
280.631
280.631
280.631
280.631
280.631
280.631
280.631
280.631
280.631
280.631
280.631
280.631
280.631
280.631
280.631
280.631
280.631
280.631
280.631
280.631
280.631
280.631
280.631
280.631
280.631
280.631
280.631
280.631
280.631
280.631
280.631
280.631
280.631
280.631
280.631
280.631
280.631
280.596
279.374
278.835
278.835
278.835
278.835
278.835
278.835
278.835
278.835
278.835
278.835
278.835
278.835
278.835
278.835
278.835
278.835
278.835
278.835
278.835
278.835
278.835
278.835
278.835
278.835
278.835
278.835
278.835
278.835
278.835
278.835
278.835
278.835
278.835
278.835
278.835
278.835
278.835
278.835
278.835
278.835
278.835
278.835
278.835
278.835
278.835
278.835
278.835
278.835
278.835
278.835
278.835
278.835
278.835
278.835
278.835
278.835
278.835
278.835
278.835
278.835
278.835
278.835
278.835
278.835
278.835
278.835
278.835
278.835
278.835
278.835
278.835
278.835
278.835
278.835
278.835
278.835
278.835
278.835
278.835
278.835
278.835
278.835
278.835
278.835
278.835
278.835
278.835
278.835
278.835
278.835
278.835
278.835
278.835
278.835
278.835
278.335
278.1
278.1
278.1
278.1
278.1
278.1
278.1
278.1
278.1
278.1
278.1
278.1
278.1
278.1
278.1
278.1
278.1
278.1
278.1
278.1
278.1
278.1
278.1
278.1
278.1
278.1
278.1
278.1
278.1
278.1
278.1
278.1
278.1
278.1
278.1
278.1
278.1
278.1
278.1
278.1
278.1
278.1
278.1
278.1
278.1
278.1
278.1
278.1
278.1
278.1
278.1
278.1
278.1
278.1
278.1
278.1
278.1
278.1
278.1
278.1
278.1
278.1
278.1
278.1
278.1
278.1
278.1
278.1
278.1
278.1
278.1
278.1
278.1
278.1
278.1
278.1
278.1
278.1
278.1
278.1
278.1
278.1
278.1
278.1
278.1
278.1
278.1
278.1
278.1
278.1
278.1
278.1
278.1
278.1
278.1
278.1
278.1
278.1
278.1
278.1
278.1
278.1
278.1
278.1
278.1
278.1
278.1
278.1
278.1
278.1
278.1
278.1
278.1
278.1
278.1
278.1
278.1
278.1
278.1
278.1
278.1
278.1
278.1
278.1
278.1
278.1
278.1
278.1
278.1
278.1
278.1
278.1
278.1
278.1
278.1
278.1
278.1
278.1
278.1
278.1
278.1
278.1
278.1
278.1
278.1
278.1
278.1
278.1
278.1
278.1
278.1
278.1
278.1
278.1
278.1
278.1
278.1
278.1
278.1
278.1
278.1
278.1
278.1
278.1
278.1
278.1
278.1
278.1
278.1
278.1
278.1
278.1
278.1
278.1
278.1
278.1
278.1
278.1
278.1
278.1
278.1
278.1
278.1
278.1
278.1
278.1
278.1
278.1
278.1
278.1
278.1
278.1
278.1
278.1
278.1
278.1
278.1
278.1
278.1
278.1
278.1
278.1
278.1
278.1
278.1
278.1
278.1
278.1
278.1
278.1
278.1
278.1
278.1
278.1
278.1
278.1
278.1
278.1
278.1
278.1
278.1
278.1
278.1
278.1
278.1
278.1
278.1
278.1
278.1
278.1
278.1
278.1
278.1
278.1
278.1
278.1
278.1
278.1
278.1
278.1
278.1
278.1
278.1
278.1
278.1
278.1
278.1
278.1
278.1
278.1
278.1
278.1
278.1
278.1
278.1
278.1
278.1
278.1
278.1
278.1
278.1
278.1
278.1
278.1
278.1
278.1
278.1
278.1
278.1
278.1
278.1
278.1
278.1
278.1
278.1
278.1
278.1
278.1
278.1
278.1
278.1
278.1
278.1
278.1
278.1
278.1
278.1
278.1
278.1
278.1
278.1
278.1
278.1
278.1
278.1
278.1
278.1
278.1
278.1
278.1
278.1
278.1
278.1
278.1
278.1
278.1
278.1
278.1
278.1
278.1
278.1
278.1
278.1
278.1
278.1
278.1
278.1
278.1
278.1
278.1
278.1
278.1
278.1
278.1
278.1
278.1
278.1
278.1
278.1
278.1
278.1
278.1
278.1
278.1
278.1
278.1
278.1
278.1
278.1
278.1
278.1
278.1
278.1
278.1
278.1
278.1
278.1
278.1
278.1
278.1
278.1
278.1
278.1
278.1
278.1
278.1
278.1
278.1
278.1
278.1
278.1
278.1
278.1
278.1
278.1
278.1
278.1
278.1
278.1
278.1
278.1
278.1
278.1
278.1
278.1
278.1
278.1
278.1
278.1
278.1
278.1
278.1
278.1
278.1
278.1
278.1
278.1
278.1
278.1
278.1
278.1
278.1
278.1
278.1
278.1
278.1
278.1
278.1
278.1
278.1
278.1
278.1
278.1
278.1
278.1
278.1
278.1
278.1
278.1
278.1
278.1
278.1
278.1
278.1
278.1
278.1
278.1
278.1
