1018.17
935.475
919.787
918.075
917.617
908.667
894.076
865.494
841.301
819.207
812.69
812.644
812.458
809.611
807.457
801.764
795.587
794.104
789.859
782.498
780.457
770.009
757.719
747.685
740.735
730.792
708.998
703.092
703.051
702.007
701.084
701.036
700.041
698.392
681.968
670.671
666.018
664.17
663.499
637.894
627.478
626.066
625.8
624.983
607.557
596.083
595.096
594.435
593.645
593.132
593.132
592.166
569.271
541.945
530.926
525.681
522.827
522.685
522.685
522.685
522.685
522.685
522.585
519.313
517.726
517.726
517.726
517.726
517.705
517.04
512.993
505.399
502.433
502.33
502.31
501.735
501.339
501.323
500.894
499.673
498.999
498.638
498.595
497.582
496.611
496.527
496.527
496.363
493.259
488.97
486.838
486.358
486.193
479.762
477.96
474.443
472.017
472.002
471.349
465.717
460.571
460.461
457.164
455.076
455.076
454.941
451.424
449.029
448.313
448.313
447.856
436.791
426.674
425.438
425.438
425.438
425.438
425.438
425.438
425.218
420.395
416.162
414.018
413.309
413.309
413.309
413.187
409.54
407.231
407.231
407.231
407.206
406.416
405.997
405.997
405.89
402.591
400.676
400.676
400.676
400.676
400.676
400.612
398.572
397.489
397.489
397.433
395.985
394.815
394.703
394.703
394.703
394.703
394.703
394.703
394.703
394.703
394.703
394.703
394.703
394.703
394.703
394.703
394.703
394.703
394.703
394.703
394.506
389.746
380.504
378.052
378.044
377.804
377.608
377.608
377.608
377.608
377.468
373.431
370.602
370.602
370.602
370.499
367.827
365.978
365.464
365.464
365.374
362.679
360.972
360.972
360.969
360.859
360.811
360.811
360.811
360.811
360.811
360.811
360.811
360.811
360.79
360.196
359.465
359.149
359.098
359.098
359.098
359.098
359.098
359.098
359.098
359.098
359.076
358.667
358.085
358.02
358.02
357.99
357.211
356.587
356.522
356.522
356.521
356.47
356.432
356.426
356.426
356.426
356.426
356.425
356.405
356.39
356.386
356.386
356.386
356.37
355.9
355.617
355.602
355.417
350.245
346.656
346.367
346.367
346.367
346.367
346.367
346.367
346.367
346.367
346.367
346.367
346.367
346.367
346.367
346.367
346.367
346.367
346.367
346.367
346.367
346.367
346.367
346.367
346.367
346.367
346.367
346.367
346.309
344.343
343.476
343.464
343.112
342.661
342.443
342.443
342.421
341.951
341.503
341.374
341.374
341.374
341.374
341.374
341.374
341.374
341.374
341.374
341.374
341.374
341.374
341.374
341.374
341.374
341.374
341.374
341.374
341.374
341.374
341.374
341.374
341.374
341.374
341.374
341.374
341.374
341.374
341.374
341.374
341.374
341.374
341.374
341.374
341.374
341.374
341.374
341.374
341.374
341.374
341.374
341.374
341.304
339.25
338.046
337.833
337.833
337.833
337.833
337.833
337.817
337.185
337.043
337.043
337.043
337.043
337.043
337.043
337.043
337.043
337.043
337.043
337.043
337.043
337.043
337.043
337.043
336.99
335.45
334.389
334.389
334.389
334.389
334.389
334.389
334.389
334.389
334.389
334.389
334.389
334.389
334.389
334.389
334.389
334.389
334.389
334.389
334.389
334.389
334.389
334.389
334.389
334.389
334.389
334.389
334.389
334.389
334.389
334.389
334.389
334.389
334.389
334.389
334.389
334.389
334.389
334.389
334.375
333.919
333.736
333.736
333.736
333.736
333.736
333.713
332.991
332.571
332.432
327.83
325.599
325.599
325.599
325.599
325.599
325.599
325.599
325.599
325.599
325.599
325.599
325.599
325.599
325.599
325.599
325.599
325.599
325.599
325.599
325.591
325.326
325.173
325.173
325.173
325.173
325.171
325.132
325.103
325.1
325.1
325.069
323.997
323.524
323.524
323.524
323.524
323.524
323.524
323.524
323.524
323.496
322.96
322.687
322.66
322.66
322.66
322.66
322.66
322.66
322.66
322.633
321.772
321.396
321.315
321.315
321.315
321.315
321.315
321.315
321.315
321.315
321.315
321.315
321.315
321.315
321.315
321.315
321.315
321.315
321.315
321.315
321.315
321.283
320.321
319.712
319.712
319.712
319.712
319.712
319.712
319.712
319.712
319.712
319.683
318.716
318.29
318.283
318.098
317.917
317.917
317.917
317.917
317.917
317.917
317.917
317.917
317.917
317.917
317.917
317.917
317.917
317.917
317.917
317.917
317.917
317.917
317.917
317.917
317.917
317.917
317.917
317.917
317.917
317.917
317.894
317.259
316.783
316.783
316.783
316.783
316.783
316.783
316.783
316.783
316.783
316.783
316.783
316.783
316.783
316.783
316.783
316.783
316.783
316.783
316.783
316.783
316.783
316.783
316.783
316.783
316.783
316.783
316.783
316.783
316.783
316.783
316.783
316.783
316.783
316.783
316.783
316.783
316.783
316.783
316.783
316.783
316.676
313.934
312.329
310.941
310.435
310.435
310.435
310.435
310.435
310.435
310.435
310.435
310.435
310.435
310.435
310.435
310.435
310.435
310.435
310.435
310.435
310.435
310.435
310.435
310.435
310.402
309.287
308.795
308.795
308.795
308.795
308.795
308.795
308.795
308.795
308.795
308.795
308.795
308.795
308.795
308.795
308.795
308.795
308.795
308.795
308.795
308.795
308.795
308.795
308.795
308.795
308.795
308.795
308.795
308.795
308.795
308.795
308.795
308.795
308.795
308.795
308.795
308.795
308.795
308.795
308.795
308.795
308.795
308.795
308.795
308.795
308.795
308.795
308.795
308.795
308.795
308.795
308.795
308.795
308.795
308.795
308.795
308.795
308.795
308.795
308.795
308.795
308.795
308.795
308.795
308.795
308.795
308.795
308.795
308.795
308.795
308.795
308.795
308.795
308.795
308.795
308.795
308.795
308.795
308.795
308.746
307.281
306.488
306.353
306.353
306.353
306.353
306.353
306.353
306.353
306.353
306.353
306.353
306.353
306.353
306.353
306.353
306.353
306.353
306.353
306.353
306.353
306.353
306.353
306.353
306.353
306.353
306.353
306.353
306.353
306.353
306.353
306.353
306.353
306.353
306.353
306.34
305.919
305.695
305.695
305.695
305.695
305.695
305.695
305.695
305.695
305.695
305.695
305.695
305.695
305.695
305.695
305.695
305.695
305.695
305.695
305.695
305.695
305.695
305.695
305.695
305.695
305.695
305.695
305.695
305.695
305.695
305.695
305.695
305.695
305.695
305.695
305.695
305.695
305.695
305.695
305.695
305.695
305.695
305.695
305.695
305.695
305.695
305.695
305.695
305.695
305.695
305.695
305.695
305.695
305.695
305.695
305.695
305.695
305.695
305.695
305.695
305.695
305.695
305.695
305.695
305.695
305.695
305.695
305.695
305.695
305.695
305.695
305.695
305.695
305.695
305.695
305.695
305.695
305.695
305.695
305.695
305.695
305.695
305.695
305.695
305.695
305.695
305.695
305.695
305.695
305.695
305.695
305.695
305.695
305.695
305.695
305.695
305.695
305.695
305.695
305.695
305.695
305.695
305.695
305.695
305.695
305.695
305.695
305.695
305.695
305.695
305.695
305.695
305.695
305.695
305.695
305.695
305.695
305.695
305.695
305.695
305.695
305.695
305.695
305.695
305.695
305.695
305.695
305.695
305.695
305.695
305.695
305.695
305.695
305.695
305.695
305.695
305.695
305.695
305.695
305.695
305.695
305.695
305.695
305.695
305.695
305.695
305.695
305.695
305.695
305.695
305.695
305.695
305.695
305.695
305.695
305.695
305.695
305.695
305.695
305.695
305.695
305.695
305.695
305.695
305.695
305.695
305.695
305.695
305.695
305.695
305.695
305.695
305.695
305.695
305.695
305.695
305.695
305.695
305.695
305.695
305.695
305.695
305.695
305.695
305.695
305.695
305.695
305.695
305.695
305.695
305.695
305.695
305.695
305.695
305.695
305.695
305.695
305.695
305.695
305.695
305.695
305.695
305.695
305.695
305.695
305.695
305.695
305.695
305.695
305.695
305.695
305.695
305.695
305.695
305.695
305.695
305.695
305.695
305.695
305.695
305.695
305.695
305.695
305.695
305.695
305.695
305.695
305.695
305.695
305.695
305.695
305.695
305.695
305.687
305.461
305.318
305.318
305.318
305.318
305.318
305.318
305.318
305.318
305.318
305.318
305.318
305.318
305.318
305.318
305.318
305.31
305.102
304.926
304.918
304.918
304.918
304.918
304.918
304.918
304.918
304.918
304.918
304.918
304.918
304.918
304.918
304.918
304.918
304.918
304.918
304.89
304.399
303.634
303.552
303.552
303.552
303.552
303.465
301.216
299.423
299.226
299.165
297.455
296.294
296.172
296.172
296.172
296.172
296.172
296.172
296.172
296.172
296.172
296.158
295.695
295.413
295.328
295.063
294.927
294.927
294.927
294.927
294.927
294.927
294.927
294.927
294.927
294.927
294.927
294.927
294.927
294.913
294.53
294.279
294.191
294.191
294.191
294.191
294.191
294.191
294.191
294.191
294.191
294.191
294.191
294.191
294.191
294.191
294.191
294.191
294.177
293.773
293.495
293.495
293.495
293.495
293.495
293.495
293.495
293.495
293.495
293.495
293.495
293.495
293.495
293.495
293.495
293.495
293.495
293.495
293.495
293.495
293.495
293.495
293.495
293.379
290.475
288.423
288.333
288.333
288.333
288.333
288.333
288.333
288.333
288.329
288.226
288.136
288.128
288.128
288.128
288.128
288.128
288.128
288.128
288.128
288.128
288.128
288.128
288.128
288.128
288.128
288.128
288.128
288.128
288.128
288.128
288.128
288.128
288.128
288.128
288.128
288.128
288.128
288.128
288.128
288.128
288.128
288.128
288.128
288.128
288.128
288.128
288.128
288.128
288.128
288.115
287.776
287.525
287.5
287.5
287.5
287.5
287.5
287.5
287.5
287.5
287.5
287.5
287.5
287.5
287.5
287.5
287.5
287.5
287.48
286.725
286.48
286.48
286.48
286.48
286.48
286.48
286.48
286.48
286.48
286.48
286.48
286.48
286.48
286.48
286.48
286.48
286.48
286.48
286.48
286.48
286.48
286.48
286.48
286.48
286.48
286.48
286.48
286.48
286.48
286.48
286.48
286.48
286.48
286.48
286.48
286.48
286.48
286.48
286.48
286.48
286.48
286.48
286.48
286.48
286.48
286.48
286.48
286.48
286.48
286.48
286.48
286.48
286.48
286.48
286.48
286.48
286.48
286.48
286.48
286.382
283.345
281.582
281.582
281.582
281.582
281.582
281.582
281.582
281.582
281.582
281.582
281.582
281.582
281.582
281.582
281.582
281.582
281.582
281.582
281.582
281.582
281.582
281.582
281.582
281.582
281.582
281.582
281.582
281.582
281.582
281.582
281.582
281.582
281.582
281.582
281.582
281.582
281.582
281.582
281.582
281.582
281.582
281.582
281.582
281.582
281.582
281.582
281.582
281.582
281.582
281.582
281.582
281.582
281.582
281.582
281.582
281.582
281.582
281.582
281.582
281.582
281.582
281.582
281.582
281.582
281.582
281.582
281.582
281.582
281.582
281.582
281.582
281.582
281.582
281.582
281.582
281.582
281.582
281.582
281.582
281.582
281.582
281.582
281.582
281.582
281.582
281.582
281.582
281.582
281.582
281.582
281.582
281.582
281.582
281.582
281.582
281.582
281.582
281.582
281.582
281.582
281.582
281.582
281.582
281.582
281.582
281.582
281.582
281.582
281.582
281.582
281.582
281.582
281.582
281.582
281.582
281.582
281.582
281.582
281.582
281.582
281.582
281.582
281.582
281.582
281.582
281.581
281.557
281.537
281.537
281.537
281.537
281.537
281.537
281.537
281.537
281.537
281.537
281.537
281.537
281.537
281.537
281.537
281.537
281.537
281.537
281.537
281.537
281.537
281.537
281.537
281.537
281.537
281.537
281.537
281.537
281.537
281.537
281.537
281.537
281.537
281.537
281.537
281.537
281.537
281.537
281.537
281.537
281.537
281.537
281.537
281.537
281.537
281.537
281.537
281.537
281.537
281.537
281.537
281.537
281.537
281.537
281.537
281.537
281.537
281.537
281.537
281.537
281.537
281.537
281.537
281.537
281.537
281.537
281.537
281.537
281.537
281.537
281.537
281.537
281.537
281.537
281.537
281.537
281.537
281.537
281.537
281.537
281.537
281.537
281.537
281.537
281.537
281.537
281.537
281.537
281.537
281.537
281.537
281.537
281.537
281.537
281.537
281.537
281.537
281.537
281.537
281.537
281.537
281.537
281.537
281.537
281.537
281.537
281.537
281.537
281.537
281.537
281.537
281.537
281.537
281.537
281.537
281.537
281.537
281.537
281.537
281.537
281.537
281.537
281.537
281.537
281.537
281.537
281.537
281.537
281.537
281.537
281.537
281.537
281.537
281.537
281.537
281.537
281.537
281.537
281.537
281.537
281.537
281.537
281.537
281.537
281.537
281.537
281.537
281.537
281.537
281.537
281.537
281.537
281.537
281.537
281.537
281.537
281.537
281.537
281.537
281.537
281.537
281.537
281.537
281.537
281.537
281.537
281.537
281.537
281.537
281.537
281.537
281.537
281.537
281.537
281.537
281.537
281.537
281.537
281.537
281.537
281.537
281.537
281.537
281.537
281.537
281.537
281.537
281.537
281.537
281.537
281.537
281.537
281.537
281.537
281.537
281.537
281.537
281.537
281.537
281.537
281.537
281.537
281.537
281.537
281.537
281.537
281.537
281.537
281.537
281.537
281.537
281.537
281.537
281.537
281.537
281.537
281.537
281.537
281.537
281.537
281.537
281.537
281.537
281.537
281.537
281.537
281.537
281.537
281.537
281.537
281.537
281.537
281.537
281.537
281.537
281.537
281.537
281.537
281.537
281.537
281.537
281.537
281.537
281.537
281.537
281.537
281.537
281.537
281.537
281.537
281.537
281.537
281.537
281.537
281.537
281.537
281.537
281.537
281.537
281.537
281.537
281.537
281.537
281.537
281.537
281.537
281.537
281.537
281.537
281.537
281.537
281.537
281.537
281.537
281.537
281.537
281.537
281.537
281.537
281.537
281.537
281.537
281.537
281.537
281.537
281.537
281.537
281.537
281.537
281.537
281.537
281.537
281.537
281.537
281.537
281.537
281.537
281.537
281.537
281.537
281.537
281.537
281.537
281.537
281.537
281.537
281.537
281.537
281.537
281.537
281.537
281.537
281.537
281.537
281.537
281.537
281.537
281.537
281.537
281.537
281.537
281.537
281.537
281.537
281.537
281.537
281.537
281.537
281.537
281.537
281.537
281.537
281.537
281.537
281.537
281.537
281.537
281.537
281.537
281.537
281.537
281.537
281.537
281.537
281.537
281.537
281.537
281.537
281.537
281.537
281.537
281.537
281.537
281.537
281.537
281.537
281.537
281.537
281.537
281.537
281.537
281.537
281.537
281.537
281.537
281.537
281.537
281.537
281.537
281.537
281.537
281.537
281.537
281.537
281.537
281.537
281.537
281.537
281.537
281.537
281.537
281.537
281.537
281.537
281.537
281.537
281.537
281.537
281.537
281.537
281.537
281.537
281.537
281.537
281.537
281.537
281.537
281.537
281.537
281.537
281.537
281.537
281.537
281.537
281.537
281.537
281.537
281.537
281.537
281.537
281.537
281.537
281.537
281.537
281.537
281.537
281.537
281.537
281.537
281.537
281.537
281.537
281.537
281.537
281.537
281.537
281.537
281.537
281.537
281.537
281.537
281.537
281.537
281.537
281.537
281.537
281.537
281.537
281.537
281.537
281.537
281.537
281.537
281.537
281.537
281.537
281.537
281.537
281.537
281.537
281.537
281.537
281.537
281.537
281.537
281.537
281.537
281.537
281.537
281.537
281.537
281.537
281.537
281.537
281.537
281.537
281.537
281.537
281.537
281.537
281.537
281.537
281.537
281.537
281.537
281.537
281.537
281.537
281.537
281.537
281.537
281.537
281.537
281.537
281.537
281.537
281.537
281.537
281.537
281.537
281.537
281.537
281.537
281.537
281.537
281.537
281.537
281.537
281.537
281.537
281.537
281.537
281.537
281.537
281.537
281.537
281.537
281.537
281.537
281.537
281.537
281.537
281.537
281.537
281.537
281.537
281.537
281.537
281.537
281.537
281.537
281.537
281.537
281.537
281.537
281.537
281.537
281.537
281.537
281.537
281.537
281.537
281.537
281.537
281.537
281.537
281.537
281.537
281.537
281.537
281.537
281.537
281.537
281.537
281.537
281.537
281.537
281.537
281.537
281.537
281.537
281.537
281.537
281.537
281.537
281.537
281.537
281.537
281.537
281.537
281.537
281.537
281.537
281.537
281.537
281.537
281.537
281.537
281.537
281.537
281.537
281.537
281.537
281.537
281.537
281.537
281.537
281.537
281.537
281.537
281.537
281.537
281.537
281.537
281.537
281.537
281.537
281.537
281.537
281.537
281.537
281.537
281.537
281.537
281.537
281.537
281.537
281.537
281.537
281.537
281.537
281.537
281.537
281.537
281.537
281.537
281.537
281.537
281.537
281.537
281.537
281.537
281.537
281.537
281.537
281.537
281.537
281.537
281.537
281.537
281.537
281.537
281.537
281.537
281.537
281.537
281.537
281.537
281.537
281.537
281.537
281.537
281.537
281.537
281.537
281.537
281.537
281.537
281.537
281.537
281.537
281.537
281.537
281.537
281.537
281.537
281.537
281.537
281.537
281.537
281.537
281.537
281.537
281.537
281.537
281.537
281.537
281.537
281.537
281.537
281.537
281.537
281.537
281.537
281.537
281.537
281.537
281.537
281.537
281.537
281.537
281.537
281.537
281.537
281.537
281.537
281.537
281.537
281.537
281.537
281.537
281.537
281.537
281.537
281.537
281.537
281.537
281.537
